   MG   CLJ    -62.388   46.480  -17.078      0.981     0.984
  CHA   CLJ    -61.444   43.605  -18.808      0.341     0.358
  CHB   CLJ    -65.644   45.663  -17.475     -0.482    -0.467
  HHB   CLJ    -66.686   45.391  -17.618      0.153     0.148
  CHC   CLJ    -63.239   49.360  -15.427     -0.100    -0.182
  HHC   CLJ    -63.515   50.241  -14.851      0.107     0.112
  CHD   CLJ    -59.009   47.343  -16.834     -0.176    -0.341
  HHD   CLJ    -57.959   47.599  -16.761      0.142     0.154
   NA   CLJ    -63.362   44.860  -17.967     -0.498    -0.529
  C1A   CLJ    -62.803   43.757  -18.640     -0.075    -0.054
  C2A   CLJ    -63.913   42.815  -19.143      0.138     0.146
  H2A   CLJ    -63.854   42.775  -20.253      0.002     0.003
  C3A   CLJ    -65.217   43.530  -18.718      0.048     0.047
  H3A   CLJ    -65.899   43.211  -17.931      0.030     0.030
  C4A   CLJ    -64.725   44.771  -17.986      0.448     0.471
  CMA   CLJ    -66.078   43.895  -19.900     -0.421    -0.413
 HMA1   CLJ    -66.454   42.978  -20.406      0.116     0.114
 HMA2   CLJ    -65.499   44.486  -20.645      0.116     0.114
 HMA3   CLJ    -66.961   44.499  -19.598      0.116     0.114
  CAA   CLJ    -63.838   41.400  -18.568      0.128     0.127
 HAA1   CLJ    -62.857   41.228  -18.074     -0.024    -0.024
 HAA2   CLJ    -63.846   40.734  -19.467     -0.024    -0.024
  CBA   CLJ    -64.954   41.008  -17.622     -0.250    -0.247
 HBA1   CLJ    -65.942   41.471  -17.645      0.030     0.028
 HBA2   CLJ    -64.584   41.133  -16.577      0.030     0.028
  CGA   CLJ    -65.337   39.570  -17.826      0.783     0.783
  O1A   CLJ    -64.658   38.552  -17.661     -0.544    -0.544
  O2A   CLJ    -66.632   39.428  -18.247     -0.331    -0.331
   NB   CLJ    -64.118   47.362  -16.561     -0.442    -0.437
  C1B   CLJ    -65.347   46.851  -16.792      0.143     0.115
  C2B   CLJ    -66.386   47.739  -16.217      0.260     0.236
  C3B   CLJ    -65.722   48.801  -15.631     -0.071    -0.110
  C4B   CLJ    -64.263   48.567  -15.839      0.094     0.158
  CMB   CLJ    -67.809   47.412  -16.334     -0.550    -0.548
 HMB1   CLJ    -68.007   46.407  -15.908      0.154     0.153
 HMB2   CLJ    -68.099   47.416  -17.406      0.154     0.153
 HMB3   CLJ    -68.421   48.169  -15.799      0.154     0.153
  CAB   CLJ    -66.252   49.935  -14.920     -0.106    -0.098
  HAB   CLJ    -66.902   49.695  -14.064      0.126     0.125
  CBB   CLJ    -66.031   51.219  -15.186     -0.360    -0.375
 HBB1   CLJ    -65.386   51.513  -16.029      0.161     0.162
 HBB2   CLJ    -66.482   52.014  -14.572      0.161     0.162
   NC   CLJ    -61.298   48.067  -16.269     -0.342    -0.424
  C1C   CLJ    -61.856   49.133  -15.630     -0.081    -0.005
  C2C   CLJ    -60.825   50.040  -15.167      0.315     0.329
  C3C   CLJ    -59.599   49.510  -15.576     -0.216    -0.231
  C4C   CLJ    -59.916   48.251  -16.265      0.115     0.279
  CMC   CLJ    -61.107   51.271  -14.426     -0.611    -0.609
 HMC1   CLJ    -61.778   51.029  -13.575      0.167     0.167
 HMC2   CLJ    -61.601   52.009  -15.089      0.167     0.167
 HMC3   CLJ    -60.181   51.712  -14.008      0.167     0.167
  CAC   CLJ    -58.296   50.144  -15.273      0.133     0.135
 HAC1   CLJ    -57.979   49.707  -14.306      0.005     0.004
 HAC2   CLJ    -58.474   51.224  -15.080      0.005     0.004
  CBC   CLJ    -57.089   50.102  -16.191     -0.223    -0.223
 HBC1   CLJ    -57.374   50.350  -17.229      0.060     0.060
 HBC2   CLJ    -56.627   49.095  -16.189      0.060     0.060
 HBC3   CLJ    -56.326   50.835  -15.852      0.060     0.060
   ND   CLJ    -60.607   45.683  -17.587     -0.465    -0.500
  C1D   CLJ    -59.288   46.163  -17.446      0.090     0.225
  C2D   CLJ    -58.332   45.219  -18.050      0.225     0.168
  C3D   CLJ    -59.107   44.214  -18.584     -0.286    -0.291
  C4D   CLJ    -60.515   44.558  -18.288      0.073     0.111
  CMD   CLJ    -56.880   45.389  -18.052     -0.490    -0.480
 HMD1   CLJ    -56.476   45.123  -17.053      0.145     0.145
 HMD2   CLJ    -56.616   46.435  -18.307      0.145     0.145
 HMD3   CLJ    -56.434   44.705  -18.806      0.145     0.145
  CAD   CLJ    -59.100   42.964  -19.307      0.734     0.731
  OBD   CLJ    -58.156   42.295  -19.705     -0.483    -0.490
  CBD   CLJ    -60.590   42.570  -19.522     -0.870    -0.917
 HBD1   CLJ    -60.707   41.587  -19.036      0.235     0.245
  CGD   CLJ    -60.955   42.468  -20.981      0.832     0.838
  O1D   CLJ    -60.738   43.294  -21.874     -0.527    -0.527
  O2D   CLJ    -61.604   41.316  -21.314     -0.284    -0.280
  CED   CLJ    -60.825   40.144  -21.558     -0.212    -0.215
 HED1   CLJ    -59.770   40.241  -21.205      0.126     0.127
 HED2   CLJ    -60.808   39.924  -22.649      0.126     0.127
 HED3   CLJ    -61.284   39.273  -21.039      0.126     0.127
   C1   CLJ    -66.926   38.290  -19.081     -0.191    -0.191
   H1   CLJ    -67.942   37.915  -18.817      0.182     0.182
   H2   CLJ    -66.234   37.431  -18.901      0.181     0.181
   C2   CLJ    -66.924   38.782  -20.481     -0.150    -0.150
   H3   CLJ    -67.174   39.844  -20.639      0.150     0.150
   C3   CLJ    -66.678   38.002  -21.548     -0.150    -0.150
   H4   CLJ    -66.685   38.446  -22.557      0.150     0.150
   C4   CLJ    -66.372   36.557  -21.425     -0.270    -0.270
   H5   CLJ    -66.535   36.110  -20.422      0.090     0.090
   H6   CLJ    -65.316   36.356  -21.709      0.090     0.090
   H7   CLJ    -67.011   35.975  -22.124      0.090     0.090
   MG   CLG    -49.446   45.483  -15.669      0.981     0.984
  CHA   CLG    -50.986   45.050  -12.624      0.341     0.358
  CHB   CLG    -46.725   43.795  -14.503     -0.482    -0.467
  HHB   CLG    -45.807   43.400  -14.084      0.153     0.148
  CHC   CLG    -48.278   45.248  -18.883     -0.100    -0.182
  HHC   CLG    -47.889   45.200  -19.894      0.107     0.112
  CHD   CLG    -52.552   46.618  -16.950     -0.176    -0.341
  HHD   CLG    -53.523   46.959  -17.293      0.142     0.154
   NA   CLG    -48.944   44.612  -13.844     -0.498    -0.529
  C1A   CLG    -49.733   44.532  -12.694     -0.075    -0.054
  C2A   CLG    -48.990   43.847  -11.555      0.138     0.146
  H2A   CLG    -48.999   44.477  -10.642      0.002     0.003
  C3A   CLG    -47.552   43.828  -12.118      0.048     0.047
  H3A   CLG    -47.051   42.864  -11.906      0.030     0.030
  C4A   CLG    -47.728   44.067  -13.604      0.448     0.471
  CMA   CLG    -46.777   44.979  -11.551     -0.421    -0.413
 HMA1   CLG    -46.514   44.806  -10.484      0.116     0.114
 HMA2   CLG    -47.362   45.922  -11.626      0.116     0.114
 HMA3   CLG    -45.842   45.134  -12.127      0.116     0.114
  CAA   CLG    -49.537   42.474  -11.179      0.128     0.127
 HAA1   CLG    -50.497   42.675  -10.641     -0.024    -0.024
 HAA2   CLG    -48.882   41.979  -10.431     -0.024    -0.024
  CBA   CLG    -49.900   41.630  -12.371     -0.250    -0.247
 HBA1   CLG    -50.240   42.222  -13.238      0.030     0.028
 HBA2   CLG    -50.747   40.967  -12.091      0.030     0.028
  CGA   CLG    -48.735   40.759  -12.695      0.783     0.783
  O1A   CLG    -47.922   40.265  -11.925     -0.544    -0.544
  O2A   CLG    -48.584   40.511  -14.018     -0.331    -0.331
   NB   CLG    -47.822   44.668  -16.524     -0.442    -0.437
  C1B   CLG    -46.806   44.050  -15.879      0.143     0.115
  C2B   CLG    -45.702   43.778  -16.826      0.260     0.236
  C3B   CLG    -46.131   44.189  -18.068     -0.071    -0.110
  C4B   CLG    -47.487   44.762  -17.888      0.094     0.158
  CMB   CLG    -44.474   43.136  -16.368     -0.550    -0.548
 HMB1   CLG    -44.672   42.067  -16.148      0.154     0.153
 HMB2   CLG    -44.112   43.640  -15.453      0.154     0.153
 HMB3   CLG    -43.696   43.218  -17.153      0.154     0.153
  CAB   CLG    -45.526   44.157  -19.374     -0.106    -0.098
  HAB   CLG    -45.789   45.007  -20.019      0.126     0.125
  CBB   CLG    -44.632   43.299  -19.856     -0.360    -0.375
 HBB1   CLG    -44.290   42.444  -19.256      0.161     0.162
 HBB2   CLG    -44.209   43.417  -20.867      0.161     0.162
   NC   CLG    -50.244   45.911  -17.548     -0.342    -0.424
  C1C   CLG    -49.582   45.796  -18.732     -0.081    -0.005
  C2C   CLG    -50.433   46.257  -19.828      0.315     0.329
  C3C   CLG    -51.662   46.562  -19.258     -0.216    -0.231
  C4C   CLG    -51.523   46.357  -17.845      0.115     0.279
  CMC   CLG    -50.059   46.311  -21.240     -0.611    -0.609
 HMC1   CLG    -50.675   45.599  -21.823      0.167     0.167
 HMC2   CLG    -48.989   46.063  -21.375      0.167     0.167
 HMC3   CLG    -50.229   47.338  -21.620      0.167     0.167
  CAC   CLG    -52.881   47.078  -19.890      0.133     0.135
 HAC1   CLG    -52.581   47.777  -20.694      0.005     0.004
 HAC2   CLG    -53.449   47.681  -19.157      0.005     0.004
  CBC   CLG    -53.768   45.990  -20.443     -0.223    -0.223
 HBC1   CLG    -54.159   45.345  -19.627      0.060     0.060
 HBC2   CLG    -53.201   45.352  -21.154      0.060     0.060
 HBC3   CLG    -54.618   46.426  -20.998      0.060     0.060
   ND   CLG    -51.330   45.804  -15.019     -0.465    -0.500
  C1D   CLG    -52.480   46.360  -15.618      0.090     0.225
  C2D   CLG    -53.509   46.605  -14.603      0.225     0.168
  C3D   CLG    -52.969   46.140  -13.431     -0.286    -0.291
  C4D   CLG    -51.637   45.617  -13.752      0.073     0.111
  CMD   CLG    -54.799   47.235  -14.856     -0.490    -0.480
 HMD1   CLG    -55.209   46.878  -15.824      0.145     0.145
 HMD2   CLG    -54.696   48.337  -14.888      0.145     0.145
 HMD3   CLG    -55.516   46.948  -14.063      0.145     0.145
  CAD   CLG    -53.163   45.930  -12.025      0.734     0.731
  OBD   CLG    -54.107   46.223  -11.338     -0.483    -0.490
  CBD   CLG    -51.907   45.239  -11.459     -0.870    -0.917
 HBD1   CLG    -52.210   44.284  -11.003      0.235     0.245
  CGD   CLG    -51.208   46.152  -10.500      0.832     0.838
  O1D   CLG    -50.675   47.230  -10.752     -0.527    -0.527
  O2D   CLG    -51.134   45.714   -9.225     -0.284    -0.280
  CED   CLG    -49.970   46.134   -8.516     -0.212    -0.215
 HED1   CLG    -50.105   47.182   -8.169      0.126     0.127
 HED2   CLG    -49.033   46.049   -9.112      0.126     0.127
 HED3   CLG    -49.858   45.503   -7.605      0.126     0.127
   C1   CLG    -47.237   40.241  -14.437     -0.191    -0.191
   H1   CLG    -46.990   39.185  -14.176      0.182     0.182
   H2   CLG    -46.492   40.888  -13.912      0.181     0.181
   C2   CLG    -47.196   40.533  -15.889     -0.150    -0.150
   H3   CLG    -47.772   41.403  -16.245      0.150     0.150
   C3   CLG    -46.497   39.802  -16.767      0.000     0.000
   C4   CLG    -45.701   38.628  -16.337     -0.270    -0.270
   H5   CLG    -46.347   37.765  -16.104      0.090     0.090
   H6   CLG    -45.095   38.844  -15.430      0.090     0.090
   H7   CLG    -44.995   38.296  -17.125      0.090     0.090
   C5   CLG    -46.509   40.147  -18.216     -0.180    -0.180
   H8   CLG    -45.589   40.705  -18.494      0.090     0.090
   H9   CLG    -47.363   40.827  -18.450      0.090     0.090
   C6   CLG    -46.630   38.911  -19.081     -0.180    -0.180
  H10   CLG    -47.177   38.112  -18.518      0.090     0.090
  H11   CLG    -45.634   38.497  -19.334      0.090     0.090
   C7   CLG    -47.458   39.145  -20.322     -0.180    -0.180
  H12   CLG    -46.896   39.752  -21.058      0.090     0.090
  H13   CLG    -48.363   39.690  -20.061      0.090     0.090
   C8   CLG    -47.933   37.823  -20.909     -0.090    -0.090
  H14   CLG    -48.179   37.112  -20.082      0.090     0.090
   C9   CLG    -46.849   37.206  -21.762     -0.270    -0.270
  H15   CLG    -45.927   37.030  -21.169      0.090     0.090
  H16   CLG    -46.600   37.872  -22.612      0.090     0.090
  H17   CLG    -47.180   36.230  -22.177      0.090     0.090
  C10   CLG    -49.203   37.973  -21.737     -0.180    -0.180
  H18   CLG    -50.102   38.117  -21.121      0.090     0.090
  H19   CLG    -49.360   37.008  -22.276      0.090     0.090
  C11   CLG    -49.127   39.092  -22.744     -0.180    -0.180
  H20   CLG    -48.089   39.455  -22.875      0.090     0.090
  H21   CLG    -49.703   39.937  -22.318      0.090     0.090
  C12   CLG    -49.632   38.702  -24.115     -0.180    -0.180
  H22   CLG    -50.608   38.173  -24.035      0.090     0.090
  H23   CLG    -48.905   38.004  -24.588      0.090     0.090
  C13   CLG    -49.805   39.941  -24.984     -0.090    -0.090
  H24   CLG    -48.885   40.569  -24.884      0.090     0.090
  C14   CLG    -50.986   40.753  -24.500     -0.270    -0.270
  H25   CLG    -50.826   41.158  -23.484      0.090     0.090
  H26   CLG    -51.906   40.129  -24.486      0.090     0.090
  H27   CLG    -51.170   41.610  -25.176      0.090     0.090
  C15   CLG    -49.953   39.599  -26.464     -0.270    -0.270
  H28   CLG    -50.851   38.965  -26.625      0.090     0.090
  H29   CLG    -49.062   39.044  -26.828      0.090     0.090
  H30   CLG    -50.064   40.523  -27.067      0.090     0.090
   MG   CLG    -40.651   42.185  -22.698      0.981     0.984
  CHA   CLG    -39.139   40.823  -19.911      0.341     0.358
  CHB   CLG    -43.570   40.618  -21.838     -0.482    -0.467
  HHB   CLG    -44.498   40.159  -21.507      0.153     0.148
  CHC   CLG    -42.152   43.402  -25.528     -0.100    -0.182
  HHC   CLG    -42.625   43.854  -26.394      0.107     0.112
  CHD   CLG    -37.557   43.364  -23.821     -0.176    -0.341
  HHD   CLG    -36.597   43.754  -24.147      0.142     0.154
   NA   CLG    -41.244   40.951  -21.113     -0.498    -0.529
  C1A   CLG    -40.470   40.509  -20.032     -0.075    -0.054
  C2A   CLG    -41.304   39.647  -19.083      0.138     0.146
  H2A   CLG    -40.843   38.650  -18.989      0.002     0.003
  C3A   CLG    -42.677   39.570  -19.770      0.048     0.047
  H3A   CLG    -43.481   40.002  -19.133      0.030     0.030
  C4A   CLG    -42.506   40.455  -20.989      0.448     0.471
  CMA   CLG    -43.059   38.167  -20.158     -0.421    -0.413
 HMA1   CLG    -43.276   37.536  -19.271      0.116     0.114
 HMA2   CLG    -42.246   37.679  -20.741      0.116     0.114
 HMA3   CLG    -43.968   38.159  -20.798      0.116     0.114
  CAA   CLG    -41.526   40.363  -17.763      0.128     0.127
 HAA1   CLG    -42.134   41.285  -17.905     -0.024    -0.024
 HAA2   CLG    -40.531   40.696  -17.384     -0.024    -0.024
  CBA   CLG    -42.130   39.496  -16.691     -0.250    -0.247
 HBA1   CLG    -43.207   39.362  -16.912      0.030     0.028
 HBA2   CLG    -42.061   40.043  -15.725      0.030     0.028
  CGA   CLG    -41.443   38.173  -16.554      0.783     0.783
  O1A   CLG    -40.360   37.916  -16.030     -0.544    -0.544
  O2A   CLG    -42.162   37.146  -17.100     -0.331    -0.331
   NB   CLG    -42.495   42.073  -23.487     -0.442    -0.437
  C1B   CLG    -43.541   41.374  -23.002      0.143     0.115
  C2B   CLG    -44.708   41.492  -23.888      0.260     0.236
  C3B   CLG    -44.314   42.283  -24.943     -0.071    -0.110
  C4B   CLG    -42.908   42.663  -24.691      0.094     0.158
  CMB   CLG    -45.949   40.805  -23.557     -0.550    -0.548
 HMB1   CLG    -46.307   41.163  -22.571      0.154     0.153
 HMB2   CLG    -45.774   39.711  -23.521      0.154     0.153
 HMB3   CLG    -46.727   41.033  -24.310      0.154     0.153
  CAB   CLG    -44.968   42.745  -26.137     -0.106    -0.098
  HAB   CLG    -44.623   43.719  -26.514      0.126     0.125
  CBB   CLG    -46.004   42.200  -26.773     -0.360    -0.375
 HBB1   CLG    -46.430   41.242  -26.442      0.161     0.162
 HBB2   CLG    -46.441   42.685  -27.658      0.161     0.162
   NC   CLG    -39.962   43.179  -24.386     -0.342    -0.424
  C1C   CLG    -40.764   43.628  -25.389     -0.081    -0.005
  C2C   CLG    -39.997   44.386  -26.345      0.315     0.329
  C3C   CLG    -38.674   44.318  -25.910     -0.216    -0.231
  C4C   CLG    -38.665   43.581  -24.655      0.115     0.279
  CMC   CLG    -40.581   44.998  -27.536     -0.611    -0.609
 HMC1   CLG    -41.550   45.472  -27.287      0.167     0.167
 HMC2   CLG    -40.741   44.223  -28.312      0.167     0.167
 HMC3   CLG    -39.899   45.775  -27.936      0.167     0.167
  CAC   CLG    -37.513   44.930  -26.554      0.133     0.135
 HAC1   CLG    -36.705   45.086  -25.807      0.005     0.004
 HAC2   CLG    -37.790   45.927  -26.961      0.005     0.004
  CBC   CLG    -37.028   44.032  -27.661     -0.223    -0.223
 HBC1   CLG    -37.772   43.980  -28.485      0.060     0.060
 HBC2   CLG    -36.858   43.001  -27.279      0.060     0.060
 HBC3   CLG    -36.066   44.401  -28.073      0.060     0.060
   ND   CLG    -38.736   42.066  -22.113     -0.465    -0.500
  C1D   CLG    -37.573   42.668  -22.632      0.090     0.225
  C2D   CLG    -36.470   42.428  -21.695      0.225     0.168
  C3D   CLG    -37.007   41.741  -20.621     -0.286    -0.291
  C4D   CLG    -38.428   41.540  -20.931      0.073     0.111
  CMD   CLG    -35.114   42.891  -21.938     -0.490    -0.480
 HMD1   CLG    -35.122   43.867  -22.467      0.145     0.145
 HMD2   CLG    -34.555   42.147  -22.541      0.145     0.145
 HMD3   CLG    -34.602   43.028  -20.969      0.145     0.145
  CAD   CLG    -36.779   41.131  -19.331      0.734     0.731
  OBD   CLG    -35.777   41.080  -18.643     -0.483    -0.490
  CBD   CLG    -38.111   40.507  -18.855     -0.870    -0.917
 HBD1   CLG    -38.346   41.002  -17.897      0.235     0.245
  CGD   CLG    -37.992   39.023  -18.611      0.832     0.838
  O1D   CLG    -37.889   38.423  -17.539     -0.527    -0.527
  O2D   CLG    -37.997   38.269  -19.734     -0.284    -0.280
  CED   CLG    -38.777   37.078  -19.704     -0.212    -0.215
 HED1   CLG    -39.355   36.925  -18.761      0.126     0.127
 HED2   CLG    -38.113   36.195  -19.839      0.126     0.127
 HED3   CLG    -39.499   37.084  -20.551      0.126     0.127
   C1   CLG    -42.303   35.915  -16.358     -0.191    -0.191
   H1   CLG    -42.826   36.102  -15.389      0.182     0.182
   H2   CLG    -41.310   35.477  -16.095      0.181     0.181
   C2   CLG    -43.129   34.999  -17.193     -0.150    -0.150
   H3   CLG    -44.203   34.931  -16.960      0.150     0.150
   C3   CLG    -42.637   34.302  -18.232      0.000     0.000
   C4   CLG    -41.226   34.382  -18.649     -0.270    -0.270
   H5   CLG    -40.549   34.900  -17.940      0.090     0.090
   H6   CLG    -41.136   34.917  -19.614      0.090     0.090
   H7   CLG    -40.811   33.362  -18.797      0.090     0.090
   C5   CLG    -43.481   33.405  -19.053     -0.180    -0.180
   H8   CLG    -44.481   33.232  -18.591      0.090     0.090
   H9   CLG    -43.005   32.403  -19.122      0.090     0.090
   C6   CLG    -43.679   33.997  -20.435     -0.180    -0.180
  H10   CLG    -43.247   35.018  -20.520      0.090     0.090
  H11   CLG    -44.775   34.150  -20.592      0.090     0.090
   C7   CLG    -43.185   33.088  -21.543     -0.180    -0.180
  H12   CLG    -44.010   32.416  -21.870      0.090     0.090
  H13   CLG    -42.357   32.439  -21.177      0.090     0.090
   C8   CLG    -42.659   33.888  -22.727     -0.090    -0.090
  H14   CLG    -42.430   33.174  -23.557      0.090     0.090
   C9   CLG    -41.363   34.549  -22.321     -0.270    -0.270
  H15   CLG    -40.710   33.834  -21.774      0.090     0.090
  H16   CLG    -41.536   35.434  -21.676      0.090     0.090
  H17   CLG    -40.796   34.886  -23.217      0.090     0.090
  C10   CLG    -43.683   34.904  -23.234     -0.180    -0.180
  H18   CLG    -44.173   35.433  -22.390      0.090     0.090
  H19   CLG    -44.491   34.368  -23.781      0.090     0.090
  C11   CLG    -43.104   36.000  -24.110     -0.180    -0.180
  H20   CLG    -42.716   35.575  -25.060      0.090     0.090
  H21   CLG    -42.231   36.479  -23.607      0.090     0.090
  C12   CLG    -44.062   37.152  -24.313     -0.180    -0.180
  H22   CLG    -43.477   38.101  -24.224      0.090     0.090
  H23   CLG    -44.840   37.193  -23.532      0.090     0.090
  C13   CLG    -44.666   37.118  -25.707     -0.090    -0.090
  H24   CLG    -44.011   36.519  -26.387      0.090     0.090
  C14   CLG    -44.736   38.509  -26.297     -0.270    -0.270
  H25   CLG    -43.759   39.024  -26.258      0.090     0.090
  H26   CLG    -45.468   39.128  -25.738      0.090     0.090
  H27   CLG    -45.065   38.468  -27.358      0.090     0.090
  C15   CLG    -46.053   36.486  -25.696     -0.270    -0.270
  H28   CLG    -46.742   37.073  -25.052      0.090     0.090
  H29   CLG    -46.005   35.448  -25.304      0.090     0.090
  H30   CLG    -46.475   36.454  -26.723      0.090     0.090
   MG   CLI    -37.528   57.601  -33.922      0.981     0.984
  CHA   CLI    -36.130   58.242  -37.026      0.341     0.358
  CHB   CLI    -35.626   54.778  -33.683     -0.482    -0.467
  HHB   CLI    -35.071   53.841  -33.678      0.153     0.148
  CHC   CLI    -38.183   57.458  -30.562     -0.100    -0.182
  HHC   CLI    -38.490   57.396  -29.521      0.107     0.112
  CHD   CLI    -39.054   60.779  -34.044     -0.176    -0.341
  HHD   CLI    -39.554   61.741  -34.112      0.142     0.154
   NA   CLI    -36.136   56.674  -35.168     -0.498    -0.529
  C1A   CLI    -35.664   57.112  -36.409     -0.075    -0.054
  C2A   CLI    -34.644   56.125  -36.963      0.138     0.146
  H2A   CLI    -34.841   55.874  -38.025      0.002     0.003
  C3A   CLI    -34.836   54.903  -36.060      0.048     0.047
  H3A   CLI    -33.904   54.390  -35.751      0.030     0.030
  C4A   CLI    -35.548   55.490  -34.857      0.448     0.471
  CMA   CLI    -35.689   53.882  -36.752     -0.421    -0.413
 HMA1   CLI    -35.197   53.535  -37.689      0.116     0.114
 HMA2   CLI    -36.673   54.319  -37.035      0.116     0.114
 HMA3   CLI    -35.849   52.994  -36.104      0.116     0.114
  CAA   CLI    -33.185   56.509  -36.779      0.128     0.127
 HAA1   CLI    -32.690   56.109  -37.703     -0.024    -0.024
 HAA2   CLI    -32.706   55.884  -35.999     -0.024    -0.024
  CBA   CLI    -32.703   57.936  -36.691     -0.250    -0.247
 HBA1   CLI    -33.617   58.495  -36.786      0.030     0.028
 HBA2   CLI    -32.024   58.187  -37.535      0.030     0.028
  CGA   CLI    -32.025   58.163  -35.384      0.783     0.783
  O1A   CLI    -32.002   57.415  -34.417     -0.544    -0.544
  O2A   CLI    -31.381   59.364  -35.298     -0.331    -0.331
   NB   CLI    -36.969   56.386  -32.419     -0.442    -0.437
  C1B   CLI    -36.297   55.228  -32.543      0.143     0.115
  C2B   CLI    -36.366   54.458  -31.282      0.260     0.236
  C3B   CLI    -37.092   55.212  -30.389     -0.071    -0.110
  C4B   CLI    -37.481   56.440  -31.110      0.094     0.158
  CMB   CLI    -35.713   53.165  -31.157     -0.550    -0.548
 HMB1   CLI    -34.634   53.273  -31.399      0.154     0.153
 HMB2   CLI    -36.172   52.453  -31.870      0.154     0.153
 HMB3   CLI    -35.798   52.773  -30.123      0.154     0.153
  CAB   CLI    -37.482   55.025  -29.016     -0.106    -0.098
  HAB   CLI    -37.514   55.944  -28.412      0.126     0.125
  CBB   CLI    -37.724   53.883  -28.379     -0.360    -0.375
 HBB1   CLI    -37.687   52.924  -28.916      0.161     0.162
 HBB2   CLI    -37.997   53.877  -27.314      0.161     0.162
   NC   CLI    -38.486   58.864  -32.574     -0.342    -0.424
  C1C   CLI    -38.648   58.609  -31.246     -0.081    -0.005
  C2C   CLI    -39.367   59.697  -30.603      0.315     0.329
  C3C   CLI    -39.599   60.644  -31.592     -0.216    -0.231
  C4C   CLI    -39.049   60.107  -32.820      0.115     0.279
  CMC   CLI    -39.724   59.748  -29.188     -0.611    -0.609
 HMC1   CLI    -38.808   59.868  -28.577      0.167     0.167
 HMC2   CLI    -40.241   58.807  -28.907      0.167     0.167
 HMC3   CLI    -40.406   60.600  -28.992      0.167     0.167
  CAC   CLI    -40.296   61.928  -31.459      0.133     0.135
 HAC1   CLI    -41.118   61.817  -30.717      0.005     0.004
 HAC2   CLI    -40.774   62.181  -32.422      0.005     0.004
  CBC   CLI    -39.384   63.046  -31.030     -0.223    -0.223
 HBC1   CLI    -38.596   63.219  -31.797      0.060     0.060
 HBC2   CLI    -38.880   62.796  -30.072      0.060     0.060
 HBC3   CLI    -39.956   63.989  -30.895      0.060     0.060
   ND   CLI    -37.702   59.125  -35.225     -0.465    -0.500
  C1D   CLI    -38.411   60.344  -35.175      0.090     0.225
  C2D   CLI    -38.325   61.010  -36.484      0.225     0.168
  C3D   CLI    -37.467   60.245  -37.230     -0.286    -0.291
  C4D   CLI    -37.077   59.101  -36.391      0.073     0.111
  CMD   CLI    -38.990   62.255  -36.836     -0.490    -0.480
 HMD1   CLI    -38.923   62.977  -35.996      0.145     0.145
 HMD2   CLI    -40.052   62.055  -37.088      0.145     0.145
 HMD3   CLI    -38.494   62.694  -37.728      0.145     0.145
  CAD   CLI    -36.829   60.073  -38.506      0.734     0.731
  OBD   CLI    -36.975   60.697  -39.542     -0.483    -0.490
  CBD   CLI    -35.864   58.868  -38.377     -0.870    -0.917
 HBD1   CLI    -34.821   59.195  -38.431      0.235     0.245
  CGD   CLI    -36.007   58.049  -39.618      0.832     0.838
  O1D   CLI    -35.611   58.419  -40.724     -0.527    -0.527
  O2D   CLI    -36.639   56.855  -39.536     -0.284    -0.280
  CED   CLI    -37.014   56.296  -40.797     -0.212    -0.215
 HED1   CLI    -36.160   55.729  -41.235      0.126     0.127
 HED2   CLI    -37.326   57.057  -41.552      0.126     0.127
 HED3   CLI    -37.866   55.600  -40.670      0.126     0.127
   C1   CLI    -30.786   59.701  -34.029     -0.191    -0.191
   H1   CLI    -29.768   60.108  -34.229      0.182     0.182
   H2   CLI    -30.608   58.832  -33.349      0.181     0.181
   C2   CLI    -31.604   60.708  -33.320     -0.150    -0.150
   H3   CLI    -32.349   60.334  -32.600      0.150     0.150
   C3   CLI    -31.441   62.022  -33.497     -0.420    -0.420
   H4   CLI    -30.712   62.400  -34.229      0.210     0.210
   H5   CLI    -32.077   62.742  -32.961      0.210     0.210
   MG   CHL    -30.742   53.655  -32.970      1.068     1.071
  CHA   CHL    -28.707   56.456  -32.979      0.340     0.380
  CHB   CHL    -30.644   53.636  -29.641     -0.471    -0.426
  HHB   CHL    -30.611   53.689  -28.557      0.148     0.141
  CHC   CHL    -33.059   51.130  -33.030     -0.293    -0.325
  HHC   CHL    -33.568   50.172  -32.986      0.186     0.185
  CHD   CHL    -30.923   53.904  -36.514     -0.317    -0.491
  HHD   CHL    -30.860   53.913  -37.599      0.164     0.177
   NA   CHL    -29.783   54.735  -31.581     -0.565    -0.571
  C1A   CHL    -29.054   55.792  -31.701     -0.050    -0.042
  C2A   CHL    -28.563   56.356  -30.407      0.157     0.161
  H2A   CHL    -27.471   56.563  -30.437      0.002     0.003
  C3A   CHL    -28.863   55.244  -29.457      0.076     0.075
  H3A   CHL    -29.323   55.588  -28.503      0.021     0.021
  C4A   CHL    -29.820   54.459  -30.273      0.476     0.478
  CMA   CHL    -27.628   54.443  -29.107     -0.416    -0.411
 HMA1   CHL    -26.921   55.041  -28.492      0.113     0.112
 HMA2   CHL    -27.098   54.111  -30.029      0.113     0.112
 HMA3   CHL    -27.911   53.536  -28.538      0.113     0.112
  CAA   CHL    -29.354   57.568  -29.959      0.049     0.051
 HAA1   CHL    -30.058   57.373  -29.126     -0.005    -0.005
 HAA2   CHL    -30.001   57.798  -30.839     -0.005    -0.005
  CBA   CHL    -28.418   58.703  -29.587     -0.234    -0.234
 HBA1   CHL    -27.511   58.692  -30.234      0.029     0.029
 HBA2   CHL    -28.092   58.630  -28.535      0.029     0.029
  CGA   CHL    -29.134   60.002  -29.870      0.789     0.789
  O1A   CHL    -30.161   60.016  -30.513     -0.543    -0.543
  O2A   CHL    -28.621   61.272  -29.390     -0.338    -0.337
   NB   CHL    -31.710   52.541  -31.551     -0.481    -0.464
  C1B   CHL    -31.559   52.657  -30.227      0.133     0.090
  C2B   CHL    -32.357   51.736  -29.396      0.224     0.204
  C3B   CHL    -33.079   50.978  -30.407     -0.031    -0.068
  C4B   CHL    -32.609   51.549  -31.699      0.192     0.239
  CMB   CHL    -32.418   51.600  -27.905     -0.549    -0.537
 HMB1   CHL    -31.895   52.444  -27.417      0.157     0.154
 HMB2   CHL    -31.915   50.654  -27.619      0.157     0.154
 HMB3   CHL    -33.473   51.587  -27.569      0.157     0.154
  CAB   CHL    -34.028   49.888  -30.058     -0.138    -0.130
  HAB   CHL    -33.648   49.146  -29.340      0.124     0.123
  CBB   CHL    -35.182   49.684  -30.624     -0.337    -0.351
 HBB1   CHL    -35.532   50.397  -31.369      0.168     0.169
 HBB2   CHL    -35.827   48.858  -30.318      0.168     0.169
   NC   CHL    -31.778   52.709  -34.479     -0.582    -0.648
  C1C   CHL    -32.686   51.723  -34.323      0.278     0.305
  C2C   CHL    -33.273   51.253  -35.590     -0.092    -0.072
  C3C   CHL    -32.650   52.057  -36.639     -0.274    -0.281
  C4C   CHL    -31.758   52.909  -35.831      0.379     0.535
  CMC   CHL    -34.293   50.196  -35.729      0.422     0.417
  OMC   CHL    -34.699   49.815  -36.810     -0.479    -0.473
  HMC   CHL    -34.674   49.720  -34.814      0.015     0.015
  CAC   CHL    -32.815   52.052  -38.136      0.182     0.181
 HAC1   CHL    -32.586   53.061  -38.535     -0.004    -0.004
 HAC2   CHL    -33.866   51.803  -38.393     -0.004    -0.004
  CBC   CHL    -31.870   51.029  -38.716     -0.220    -0.217
 HBC1   CHL    -32.083   50.027  -38.287      0.062     0.061
 HBC2   CHL    -30.815   51.295  -38.487      0.062     0.061
 HBC3   CHL    -31.983   50.963  -39.818      0.062     0.061
   ND   CHL    -30.038   54.842  -34.462     -0.520    -0.549
  C1D   CHL    -30.141   54.923  -35.816      0.177     0.306
  C2D   CHL    -29.377   56.058  -36.441      0.223     0.157
  C3D   CHL    -28.831   56.648  -35.233     -0.287    -0.291
  C4D   CHL    -29.229   55.915  -34.211      0.089     0.104
  CMD   CHL    -29.098   56.680  -37.782     -0.524    -0.515
 HMD1   CHL    -29.234   55.913  -38.575      0.156     0.154
 HMD2   CHL    -28.068   57.088  -37.819      0.156     0.154
 HMD3   CHL    -29.830   57.492  -37.975      0.156     0.154
  CAD   CHL    -27.973   57.742  -34.759      0.736     0.736
  OBD   CHL    -27.412   58.625  -35.495     -0.481    -0.487
  CBD   CHL    -27.848   57.640  -33.285     -0.859    -0.913
 HBD1   CHL    -28.170   58.567  -32.790      0.230     0.242
  CGD   CHL    -26.417   57.328  -32.999      0.820     0.827
  O1D   CHL    -26.071   56.202  -32.710     -0.527    -0.527
  O2D   CHL    -25.408   58.357  -33.087     -0.277    -0.273
  CED   CHL    -24.243   58.257  -32.287     -0.210    -0.212
 HED1   CHL    -23.429   57.782  -32.874      0.126     0.126
 HED2   CHL    -24.420   57.671  -31.357      0.126     0.126
 HED3   CHL    -23.905   59.274  -31.992      0.126     0.126
   C1   CHL    -29.470   62.415  -29.317     -0.180    -0.181
   H1   CHL    -30.463   62.237  -29.799      0.179     0.179
   H2   CHL    -29.022   63.245  -29.911      0.178     0.178
   C2   CHL    -29.680   62.791  -27.866     -0.150    -0.150
   H3   CHL    -30.603   62.447  -27.375      0.150     0.150
   C3   CHL    -28.760   63.473  -27.165      0.000     0.000
   C4   CHL    -27.470   63.913  -27.795     -0.270    -0.270
   H5   CHL    -27.453   65.018  -27.912      0.090     0.090
   H6   CHL    -27.235   63.466  -28.783      0.090     0.090
   H7   CHL    -26.623   63.644  -27.129      0.090     0.090
   C5   CHL    -29.016   63.819  -25.717     -0.180    -0.180
   H8   CHL    -30.102   63.947  -25.503      0.090     0.090
   H9   CHL    -28.537   64.792  -25.476      0.090     0.090
   C6   CHL    -28.459   62.713  -24.830     -0.180    -0.180
  H10   CHL    -27.973   61.949  -25.477      0.090     0.090
  H11   CHL    -29.273   62.196  -24.276      0.090     0.090
   C7   CHL    -27.391   63.203  -23.861     -0.180    -0.180
  H12   CHL    -27.866   63.528  -22.911      0.090     0.090
  H13   CHL    -26.867   64.090  -24.283      0.090     0.090
   C8   CHL    -26.359   62.097  -23.649     -0.090    -0.090
  H14   CHL    -26.767   61.161  -24.080      0.090     0.090
   C9   CHL    -25.054   62.433  -24.364     -0.270    -0.270
  H15   CHL    -24.690   63.447  -24.096      0.090     0.090
  H16   CHL    -25.214   62.422  -25.464      0.090     0.090
  H17   CHL    -24.266   61.690  -24.122      0.090     0.090
  C10   CHL    -26.189   61.797  -22.157     -0.180    -0.180
  H18   CHL    -26.023   60.694  -22.098      0.090     0.090
  H19   CHL    -27.125   61.991  -21.592      0.090     0.090
  C11   CHL    -24.985   62.442  -21.475     -0.180    -0.180
  H20   CHL    -25.396   63.136  -20.703      0.090     0.090
  H21   CHL    -24.330   63.072  -22.101      0.090     0.090
  C12   CHL    -24.137   61.395  -20.762     -0.180    -0.180
  H22   CHL    -23.612   60.779  -21.512      0.090     0.090
  H23   CHL    -24.829   60.732  -20.195      0.090     0.090
  C13   CHL    -23.135   62.007  -19.791     -0.090    -0.090
  H24   CHL    -23.622   62.893  -19.315      0.090     0.090
  C14   CHL    -21.887   62.456  -20.536     -0.270    -0.270
  H25   CHL    -22.137   63.242  -21.280      0.090     0.090
  H26   CHL    -21.419   61.610  -21.075      0.090     0.090
  H27   CHL    -21.141   62.874  -19.826      0.090     0.090
  C15   CHL    -22.774   61.009  -18.698     -0.180    -0.180
  H28   CHL    -21.745   60.645  -18.910      0.090     0.090
  H29   CHL    -23.435   60.120  -18.706      0.090     0.090
  C16   CHL    -22.812   61.659  -17.319     -0.180    -0.180
  H30   CHL    -23.849   61.649  -16.924      0.090     0.090
  H31   CHL    -22.532   62.735  -17.424      0.090     0.090
  C17   CHL    -21.786   61.051  -16.368     -0.180    -0.180
  H32   CHL    -20.992   61.785  -16.110      0.090     0.090
  H33   CHL    -21.283   60.194  -16.860      0.090     0.090
  C18   CHL    -22.470   60.544  -15.105     -0.090    -0.090
  H34   CHL    -23.552   60.380  -15.316      0.090     0.090
  C19   CHL    -21.935   59.179  -14.689     -0.270    -0.270
  H35   CHL    -20.836   59.235  -14.534      0.090     0.090
  H36   CHL    -22.143   58.420  -15.472      0.090     0.090
  H37   CHL    -22.384   58.832  -13.737      0.090     0.090
  C20   CHL    -22.361   61.557  -13.967     -0.270    -0.270
  H38   CHL    -22.800   62.531  -14.272      0.090     0.090
  H39   CHL    -21.297   61.719  -13.692      0.090     0.090
  H40   CHL    -22.905   61.194  -13.069      0.090     0.090
   MG   CHH    -35.662   46.274  -36.404      1.068     1.071
  CHA   CHH    -36.522   45.257  -39.581      0.340     0.380
  CHB   CHH    -38.689   45.463  -35.295     -0.471    -0.426
  HHB   CHH    -39.720   45.326  -34.979      0.148     0.141
  CHC   CHH    -34.559   46.869  -33.271     -0.293    -0.325
  HHC   CHH    -34.196   47.097  -32.274      0.186     0.185
  CHD   CHH    -32.515   47.299  -37.711     -0.317    -0.491
  HHD   CHH    -31.674   47.825  -38.147      0.164     0.177
   NA   CHH    -37.286   45.485  -37.246     -0.565    -0.571
  C1A   CHH    -37.486   45.095  -38.460     -0.050    -0.042
  C2A   CHH    -38.828   44.465  -38.681      0.157     0.161
  H2A   CHH    -39.348   44.885  -39.571      0.002     0.003
  C3A   CHH    -39.548   44.802  -37.410      0.076     0.075
  H3A   CHH    -40.006   43.936  -36.881      0.021     0.021
  C4A   CHH    -38.428   45.288  -36.579      0.476     0.478
  CMA   CHH    -40.593   45.887  -37.567     -0.416    -0.411
 HMA1   CHH    -41.412   45.541  -38.235      0.113     0.112
 HMA2   CHH    -40.137   46.792  -38.028      0.113     0.112
 HMA3   CHH    -41.040   46.177  -36.593      0.113     0.112
  CAA   CHH    -38.727   42.956  -38.783      0.049     0.051
 HAA1   CHH    -38.157   42.600  -37.889     -0.005    -0.005
 HAA2   CHH    -38.095   42.695  -39.660     -0.005    -0.005
  CBA   CHH    -40.095   42.292  -38.719     -0.234    -0.234
 HBA1   CHH    -40.931   42.976  -38.463      0.029     0.029
 HBA2   CHH    -40.081   41.457  -37.983      0.029     0.029
  CGA   CHH    -40.356   41.720  -40.078      0.789     0.789
  O1A   CHH    -39.535   40.967  -40.562     -0.543    -0.543
  O2A   CHH    -41.568   42.069  -40.801     -0.338    -0.337
   NB   CHH    -36.503   46.181  -34.545     -0.481    -0.464
  C1B   CHH    -37.754   45.827  -34.243      0.133     0.090
  C2B   CHH    -38.132   45.843  -32.819      0.224     0.204
  C3B   CHH    -36.881   46.271  -32.211     -0.031    -0.068
  C4B   CHH    -35.953   46.448  -33.357      0.192     0.239
  CMB   CHH    -39.443   45.509  -32.169     -0.549    -0.537
 HMB1   CHH    -39.966   44.725  -32.755      0.157     0.154
 HMB2   CHH    -40.078   46.418  -32.119      0.157     0.154
 HMB3   CHH    -39.269   45.129  -31.140      0.157     0.154
  CAB   CHH    -36.699   46.459  -30.753     -0.138    -0.130
  HAB   CHH    -37.546   46.885  -30.191      0.124     0.123
  CBB   CHH    -35.579   46.179  -30.127     -0.337    -0.351
 HBB1   CHH    -34.707   45.761  -30.656      0.168     0.169
 HBB2   CHH    -35.470   46.356  -29.050      0.168     0.169
   NC   CHH    -33.877   46.955  -35.640     -0.582    -0.648
  C1C   CHH    -33.592   47.137  -34.340      0.278     0.305
  C2C   CHH    -32.220   47.632  -34.094     -0.092    -0.072
  C3C   CHH    -31.609   47.768  -35.407     -0.274    -0.281
  C4C   CHH    -32.717   47.313  -36.262      0.379     0.535
  CMC   CHH    -31.546   47.945  -32.822      0.422     0.417
  OMC   CHH    -32.051   47.759  -31.737     -0.479    -0.473
  HMC   CHH    -30.490   48.188  -32.906      0.015     0.015
  CAC   CHH    -30.231   48.213  -35.820      0.182     0.181
 HAC1   CHH    -30.044   47.973  -36.888     -0.004    -0.004
 HAC2   CHH    -29.506   47.628  -35.219     -0.004    -0.004
  CBC   CHH    -30.002   49.681  -35.572     -0.220    -0.217
 HBC1   CHH    -30.150   49.928  -34.497      0.062     0.061
 HBC2   CHH    -30.705   50.294  -36.171      0.062     0.061
 HBC3   CHH    -28.963   49.965  -35.846      0.062     0.061
   ND   CHH    -34.670   46.314  -38.173     -0.520    -0.549
  C1D   CHH    -33.462   46.712  -38.640      0.177     0.306
  C2D   CHH    -33.236   46.503  -40.102      0.223     0.157
  C3D   CHH    -34.516   45.910  -40.428     -0.287    -0.291
  C4D   CHH    -35.231   45.843  -39.319      0.089     0.104
  CMD   CHH    -32.197   46.710  -41.160     -0.524    -0.515
 HMD1   CHH    -31.309   46.080  -40.949      0.156     0.154
 HMD2   CHH    -31.897   47.780  -41.171      0.156     0.154
 HMD3   CHH    -32.605   46.456  -42.160      0.156     0.154
  CAD   CHH    -35.273   45.356  -41.555      0.736     0.736
  OBD   CHH    -34.866   45.279  -42.770     -0.481    -0.487
  CBD   CHH    -36.610   44.946  -41.043     -0.859    -0.913
 HBD1   CHH    -36.800   43.884  -41.262      0.230     0.242
  CGD   CHH    -37.588   45.830  -41.742      0.820     0.827
  O1D   CHH    -37.903   46.904  -41.275     -0.527    -0.527
  O2D   CHH    -38.155   45.406  -43.009     -0.277    -0.273
  CED   CHH    -39.560   45.451  -43.240     -0.210    -0.212
 HED1   CHH    -39.840   46.396  -43.761      0.126     0.126
 HED2   CHH    -40.146   45.423  -42.292      0.126     0.126
 HED3   CHH    -39.881   44.606  -43.884      0.126     0.126
   C1   CHH    -41.473   42.363  -42.187     -0.180    -0.181
   H1   CHH    -40.516   42.883  -42.424      0.179     0.179
   H2   CHH    -42.299   43.070  -42.442      0.178     0.178
   C2   CHH    -41.577   41.079  -42.956     -0.150    -0.150
   H3   CHH    -41.384   40.142  -42.409      0.150     0.150
   C3   CHH    -41.854   41.035  -44.258      0.000     0.000
   C4   CHH    -42.087   42.264  -45.090     -0.270    -0.270
   H5   CHH    -41.940   43.230  -44.562      0.090     0.090
   H6   CHH    -43.125   42.267  -45.488      0.090     0.090
   H7   CHH    -41.403   42.271  -45.965      0.090     0.090
   C5   CHH    -41.932   39.666  -44.864     -0.180    -0.180
   H8   CHH    -42.826   39.621  -45.525      0.090     0.090
   H9   CHH    -42.078   38.863  -44.103      0.090     0.090
   C6   CHH    -40.706   39.320  -45.705     -0.180    -0.180
  H10   CHH    -39.817   39.423  -45.033      0.090     0.090
  H11   CHH    -40.533   40.040  -46.526      0.090     0.090
   C7   CHH    -40.745   37.849  -46.116     -0.180    -0.180
  H12   CHH    -41.095   37.199  -45.287      0.090     0.090
  H13   CHH    -39.688   37.557  -46.328      0.090     0.090
   C8   CHH    -41.539   37.564  -47.405     -0.090    -0.090
  H14   CHH    -40.991   36.734  -47.923      0.090     0.090
   C9   CHH    -42.942   37.011  -47.142     -0.270    -0.270
  H15   CHH    -43.569   37.772  -46.632      0.090     0.090
  H16   CHH    -42.891   36.108  -46.497      0.090     0.090
  H17   CHH    -43.436   36.734  -48.098      0.090     0.090
  C10   CHH    -41.568   38.741  -48.390     -0.270    -0.270
  H18   CHH    -40.539   39.098  -48.606      0.090     0.090
  H19   CHH    -42.169   39.581  -47.983      0.090     0.090
  H20   CHH    -42.034   38.424  -49.347      0.090     0.090
   MG   CHD    -30.643   55.846  -17.215      1.068     1.071
  CHA   CHD    -33.878   55.521  -18.314      0.340     0.380
  CHB   CHD    -29.821   57.454  -20.035     -0.471    -0.426
  HHB   CHD    -29.602   58.072  -20.903      0.148     0.141
  CHC   CHD    -27.493   56.106  -15.999     -0.293    -0.325
  HHC   CHD    -26.467   56.098  -15.642      0.186     0.185
  CHD   CHD    -31.694   54.522  -14.056     -0.317    -0.491
  HHD   CHD    -32.019   54.156  -13.085      0.164     0.177
   NA   CHD    -31.616   56.318  -18.912     -0.565    -0.571
  C1A   CHD    -32.862   56.138  -19.220     -0.050    -0.042
  C2A   CHD    -33.248   56.710  -20.572      0.157     0.161
  H2A   CHD    -33.649   55.877  -21.197      0.002     0.003
  C3A   CHD    -31.947   57.209  -21.118      0.076     0.075
  H3A   CHD    -31.867   58.277  -21.406      0.021     0.021
  C4A   CHD    -31.045   56.956  -19.957      0.476     0.478
  CMA   CHD    -31.609   56.573  -22.451     -0.416    -0.411
 HMA1   CHD    -32.326   56.893  -23.239      0.113     0.112
 HMA2   CHD    -31.648   55.463  -22.383      0.113     0.112
 HMA3   CHD    -30.587   56.866  -22.775      0.113     0.112
  CAA   CHD    -34.242   57.879  -20.621      0.049     0.051
 HAA1   CHD    -35.164   57.604  -20.072     -0.005    -0.005
 HAA2   CHD    -34.572   57.910  -21.689     -0.005    -0.005
  CBA   CHD    -33.711   59.278  -20.344     -0.234    -0.234
 HBA1   CHD    -33.799   59.936  -21.226      0.029     0.029
 HBA2   CHD    -32.658   59.307  -19.985      0.029     0.029
  CGA   CHD    -34.440   59.854  -19.167      0.789     0.789
  O1A   CHD    -34.752   59.126  -18.253     -0.543    -0.543
  O2A   CHD    -34.769   61.268  -19.144     -0.338    -0.337
   NB   CHD    -28.914   56.664  -17.911     -0.481    -0.464
  C1B   CHD    -28.732   57.282  -19.076      0.133     0.090
  C2B   CHD    -27.372   57.774  -19.326      0.224     0.204
  C3B   CHD    -26.675   57.378  -18.116     -0.031    -0.068
  C4B   CHD    -27.711   56.694  -17.321      0.192     0.239
  CMB   CHD    -26.863   58.506  -20.517     -0.549    -0.537
 HMB1   CHD    -27.233   59.551  -20.493      0.157     0.154
 HMB2   CHD    -27.236   58.014  -21.437      0.157     0.154
 HMB3   CHD    -25.753   58.511  -20.529      0.157     0.154
  CAB   CHD    -25.237   57.617  -17.851     -0.138    -0.130
  HAB   CHD    -24.872   58.653  -17.909      0.124     0.123
  CBB   CHD    -24.443   56.662  -17.419     -0.337    -0.351
 HBB1   CHD    -24.900   55.674  -17.366      0.168     0.169
 HBB2   CHD    -23.412   56.863  -17.095      0.168     0.169
   NC   CHD    -29.776   55.403  -15.382     -0.582    -0.648
  C1C   CHD    -28.481   55.579  -15.050      0.278     0.305
  C2C   CHD    -28.135   55.183  -13.665     -0.092    -0.072
  C3C   CHD    -29.382   54.712  -13.079     -0.274    -0.281
  C4C   CHD    -30.297   54.894  -14.224      0.379     0.535
  CMC   CHD    -26.833   55.218  -12.956      0.422     0.417
  OMC   CHD    -25.903   55.918  -13.318     -0.479    -0.473
  HMC   CHD    -26.769   54.717  -11.979      0.015     0.015
  CAC   CHD    -29.650   54.150  -11.702      0.182     0.181
 HAC1   CHD    -28.727   53.673  -11.306     -0.004    -0.004
 HAC2   CHD    -30.421   53.352  -11.791     -0.004    -0.004
  CBC   CHD    -30.131   55.209  -10.754     -0.220    -0.217
 HBC1   CHD    -30.880   55.847  -11.259      0.062     0.061
 HBC2   CHD    -29.285   55.858  -10.439      0.062     0.061
 HBC3   CHD    -30.578   54.756   -9.842      0.062     0.061
   ND   CHD    -32.320   55.174  -16.315     -0.520    -0.549
  C1D   CHD    -32.682   54.674  -15.111      0.177     0.306
  C2D   CHD    -34.116   54.310  -14.985      0.223     0.157
  C3D   CHD    -34.530   54.670  -16.311     -0.287    -0.291
  C4D   CHD    -33.506   55.157  -16.963      0.089     0.104
  CMD   CHD    -35.094   53.746  -14.012     -0.524    -0.515
 HMD1   CHD    -35.851   54.510  -13.754      0.156     0.154
 HMD2   CHD    -34.564   53.439  -13.083      0.156     0.154
 HMD3   CHD    -35.599   52.854  -14.436      0.156     0.154
  CAD   CHD    -35.703   54.724  -17.158      0.736     0.736
  OBD   CHD    -36.834   54.333  -16.800     -0.481    -0.487
  CBD   CHD    -35.345   55.264  -18.480     -0.859    -0.913
 HBD1   CHD    -35.925   56.179  -18.675      0.230     0.242
  CGD   CHD    -35.561   54.250  -19.548      0.820     0.827
  O1D   CHD    -34.680   53.451  -19.782     -0.527    -0.527
  O2D   CHD    -36.781   54.229  -20.331     -0.277    -0.273
  CED   CHD    -36.696   54.249  -21.747     -0.210    -0.212
 HED1   CHD    -35.736   53.817  -22.117      0.126     0.126
 HED2   CHD    -36.791   55.288  -22.126      0.126     0.126
 HED3   CHD    -37.521   53.641  -22.179      0.126     0.126
   C1   CHD    -34.175   62.126  -18.175     -0.180    -0.181
   H1   CHD    -34.463   61.791  -17.150      0.179     0.179
   H2   CHD    -34.600   63.152  -18.270      0.178     0.178
   C2   CHD    -32.670   62.105  -18.361     -0.150    -0.150
   H3   CHD    -32.103   61.483  -17.655      0.150     0.150
   C3   CHD    -32.009   62.802  -19.301      0.000     0.000
   C4   CHD    -32.756   63.708  -20.242     -0.270    -0.270
   H5   CHD    -32.485   64.768  -20.050      0.090     0.090
   H6   CHD    -33.863   63.635  -20.203      0.090     0.090
   H7   CHD    -32.468   63.482  -21.291      0.090     0.090
   C5   CHD    -30.499   62.708  -19.414     -0.180    -0.180
   H8   CHD    -30.024   63.584  -18.923      0.090     0.090
   H9   CHD    -30.243   62.798  -20.495      0.090     0.090
   C6   CHD    -29.894   61.392  -18.925     -0.180    -0.180
  H10   CHD    -29.101   61.125  -19.666      0.090     0.090
  H11   CHD    -30.580   60.521  -18.912      0.090     0.090
   C7   CHD    -29.180   61.595  -17.591     -0.180    -0.180
  H12   CHD    -29.929   61.416  -16.786      0.090     0.090
  H13   CHD    -28.850   62.652  -17.476      0.090     0.090
   C8   CHD    -27.945   60.727  -17.366     -0.090    -0.090
  H14   CHD    -28.155   59.697  -17.731      0.090     0.090
   C9   CHD    -26.721   61.306  -18.058     -0.270    -0.270
  H15   CHD    -26.482   62.311  -17.649      0.090     0.090
  H16   CHD    -26.897   61.413  -19.148      0.090     0.090
  H17   CHD    -25.834   60.658  -17.912      0.090     0.090
  C10   CHD    -27.708   60.671  -15.866     -0.180    -0.180
  H18   CHD    -28.652   60.337  -15.398      0.090     0.090
  H19   CHD    -27.561   61.718  -15.523      0.090     0.090
  C11   CHD    -26.519   59.876  -15.347     -0.180    -0.180
  H20   CHD    -25.660   60.542  -15.127      0.090     0.090
  H21   CHD    -26.214   59.156  -16.123      0.090     0.090
  C12   CHD    -26.949   59.078  -14.123     -0.180    -0.180
  H22   CHD    -26.602   58.029  -14.250      0.090     0.090
  H23   CHD    -28.042   59.018  -14.040      0.090     0.090
  C13   CHD    -26.390   59.586  -12.803     -0.090    -0.090
  H24   CHD    -26.345   60.700  -12.844      0.090     0.090
  C14   CHD    -25.001   59.044  -12.537     -0.270    -0.270
  H25   CHD    -24.354   59.264  -13.406      0.090     0.090
  H26   CHD    -25.019   57.946  -12.383      0.090     0.090
  H27   CHD    -24.560   59.513  -11.632      0.090     0.090
  C15   CHD    -27.317   59.174  -11.668     -0.270    -0.270
  H28   CHD    -27.420   58.067  -11.637      0.090     0.090
  H29   CHD    -28.324   59.622  -11.800      0.090     0.090
  H30   CHD    -26.909   59.513  -10.692      0.090     0.090
   MG   CLH    -32.576   46.525  -21.461      0.981     0.984
  CHA   CLH    -34.710   45.141  -19.097      0.341     0.358
  CHB   CLH    -29.929   45.113  -19.821     -0.482    -0.467
  HHB   CLH    -29.057   44.862  -19.237      0.153     0.148
  CHC   CLH    -30.685   46.839  -24.299     -0.100    -0.182
  HHC   CLH    -30.127   46.892  -25.227      0.107     0.112
  CHD   CLH    -35.451   47.115  -23.463     -0.176    -0.341
  HHD   CLH    -36.340   47.417  -24.004      0.142     0.154
   NA   CLH    -32.358   45.460  -19.686     -0.498    -0.529
  C1A   CLH    -33.372   44.956  -18.856     -0.075    -0.054
  C2A   CLH    -32.754   44.223  -17.670      0.138     0.146
  H2A   CLH    -33.205   44.578  -16.718      0.002     0.003
  C3A   CLH    -31.280   44.711  -17.723      0.048     0.047
  H3A   CLH    -30.629   43.843  -17.515      0.030     0.030
  C4A   CLH    -31.140   45.136  -19.175      0.448     0.471
  CMA   CLH    -30.996   45.849  -16.779     -0.421    -0.413
 HMA1   CLH    -31.296   45.614  -15.738      0.116     0.114
 HMA2   CLH    -31.510   46.777  -17.091      0.116     0.114
 HMA3   CLH    -29.910   46.090  -16.789      0.116     0.114
  CAA   CLH    -32.959   42.700  -17.758      0.128     0.127
 HAA1   CLH    -34.047   42.517  -17.620     -0.024    -0.024
 HAA2   CLH    -32.447   42.213  -16.912     -0.024    -0.024
  CBA   CLH    -32.509   42.067  -19.061     -0.250    -0.247
 HBA1   CLH    -31.399   42.187  -19.113      0.030     0.028
 HBA2   CLH    -32.906   42.670  -19.904      0.030     0.028
  CGA   CLH    -32.782   40.616  -19.268      0.783     0.783
  O1A   CLH    -32.484   39.654  -18.564     -0.544    -0.544
  O2A   CLH    -33.435   40.425  -20.458     -0.331    -0.331
   NB   CLH    -30.674   46.058  -21.963     -0.442    -0.437
  C1B   CLH    -29.751   45.489  -21.153      0.143     0.115
  C2B   CLH    -28.453   45.369  -21.848      0.260     0.236
  C3B   CLH    -28.628   45.848  -23.115     -0.071    -0.110
  C4B   CLH    -30.050   46.318  -23.211      0.094     0.158
  CMB   CLH    -27.261   44.818  -21.207     -0.550    -0.548
 HMB1   CLH    -27.526   43.873  -20.688      0.154     0.153
 HMB2   CLH    -26.877   45.547  -20.461      0.154     0.153
 HMB3   CLH    -26.463   44.605  -21.945      0.154     0.153
  CAB   CLH    -27.604   45.866  -24.122     -0.106    -0.098
  HAB   CLH    -26.795   45.143  -23.942      0.126     0.125
  CBB   CLH    -27.499   46.540  -25.269     -0.360    -0.375
 HBB1   CLH    -28.233   47.303  -25.565      0.161     0.162
 HBB2   CLH    -26.630   46.389  -25.925      0.161     0.162
   NC   CLH    -32.982   47.051  -23.437     -0.342    -0.424
  C1C   CLH    -32.043   47.226  -24.406     -0.081    -0.005
  C2C   CLH    -32.635   47.670  -25.652      0.315     0.329
  C3C   CLH    -34.010   47.603  -25.440     -0.216    -0.231
  C4C   CLH    -34.206   47.240  -24.053      0.115     0.279
  CMC   CLH    -31.899   47.978  -26.876     -0.611    -0.609
 HMC1   CLH    -31.590   47.039  -27.380      0.167     0.167
 HMC2   CLH    -30.990   48.570  -26.654      0.167     0.167
 HMC3   CLH    -32.527   48.550  -27.584      0.167     0.167
  CAC   CLH    -35.113   47.891  -26.360      0.133     0.135
 HAC1   CLH    -36.066   47.461  -25.985      0.005     0.004
 HAC2   CLH    -34.880   47.325  -27.288      0.005     0.004
  CBC   CLH    -35.326   49.312  -26.748     -0.223    -0.223
 HBC1   CLH    -34.370   49.768  -27.073      0.060     0.060
 HBC2   CLH    -35.706   49.889  -25.881      0.060     0.060
 HBC3   CLH    -36.050   49.395  -27.583      0.060     0.060
   ND   CLH    -34.590   46.473  -21.267     -0.465    -0.500
  C1D   CLH    -35.649   46.741  -22.171      0.090     0.225
  C2D   CLH    -36.943   46.536  -21.512      0.225     0.168
  C3D   CLH    -36.633   45.946  -20.315     -0.286    -0.291
  C4D   CLH    -35.166   45.856  -20.243      0.073     0.111
  CMD   CLH    -38.242   46.864  -22.085     -0.490    -0.480
 HMD1   CLH    -38.679   45.944  -22.533      0.145     0.145
 HMD2   CLH    -38.151   47.638  -22.872      0.145     0.145
 HMD3   CLH    -38.927   47.211  -21.285      0.145     0.145
  CAD   CLH    -37.144   45.415  -19.078      0.734     0.731
  OBD   CLH    -38.266   45.469  -18.612     -0.483    -0.490
  CBD   CLH    -35.958   44.732  -18.351     -0.870    -0.917
 HBD1   CLH    -36.119   43.646  -18.435      0.235     0.245
  CGD   CLH    -35.921   45.149  -16.916      0.832     0.838
  O1D   CLH    -35.600   46.236  -16.448     -0.527    -0.527
  O2D   CLH    -36.299   44.169  -16.068     -0.284    -0.280
  CED   CLH    -35.841   44.242  -14.723     -0.212    -0.215
 HED1   CLH    -36.614   44.726  -14.082      0.126     0.127
 HED2   CLH    -34.898   44.824  -14.600      0.126     0.127
 HED3   CLH    -35.666   43.220  -14.325      0.126     0.127
   C1   CLH    -34.072   39.163  -20.758     -0.191    -0.191
   H1   CLH    -34.771   38.892  -19.942      0.182     0.182
   H2   CLH    -33.317   38.342  -20.817      0.181     0.181
   C2   CLH    -34.859   39.336  -22.010     -0.150    -0.150
   H3   CLH    -35.919   39.576  -21.856      0.150     0.150
   C3   CLH    -34.326   39.300  -23.242      0.000     0.000
   C4   CLH    -32.879   39.070  -23.432     -0.270    -0.270
   H5   CLH    -32.705   38.094  -23.932      0.090     0.090
   H6   CLH    -32.259   39.085  -22.511      0.090     0.090
   H7   CLH    -32.459   39.857  -24.094      0.090     0.090
   C5   CLH    -35.138   39.475  -24.479     -0.180    -0.180
   H8   CLH    -35.030   38.551  -25.091      0.090     0.090
   H9   CLH    -34.732   40.311  -25.091      0.090     0.090
   C6   CLH    -36.617   39.713  -24.245     -0.180    -0.180
  H10   CLH    -36.792   40.772  -23.971      0.090     0.090
  H11   CLH    -37.009   39.058  -23.434      0.090     0.090
   C7   CLH    -37.440   39.341  -25.465     -0.180    -0.180
  H12   CLH    -37.377   38.242  -25.633      0.090     0.090
  H13   CLH    -37.001   39.843  -26.358      0.090     0.090
   C8   CLH    -38.905   39.751  -25.359     -0.090    -0.090
  H14   CLH    -38.940   40.864  -25.273      0.090     0.090
   C9   CLH    -39.578   39.155  -24.145     -0.270    -0.270
  H15   CLH    -39.081   39.479  -23.207      0.090     0.090
  H16   CLH    -39.548   38.045  -24.191      0.090     0.090
  H17   CLH    -40.640   39.469  -24.063      0.090     0.090
  C10   CLH    -39.658   39.350  -26.618     -0.180    -0.180
  H18   CLH    -39.585   38.247  -26.759      0.090     0.090
  H19   CLH    -39.101   39.804  -27.462      0.090     0.090
  C11   CLH    -41.118   39.738  -26.578     -0.180    -0.180
  H20   CLH    -41.243   40.651  -25.947      0.090     0.090
  H21   CLH    -41.701   38.919  -26.105      0.090     0.090
  C12   CLH    -41.645   40.073  -27.957     -0.180    -0.180
  H22   CLH    -42.717   40.369  -27.861      0.090     0.090
  H23   CLH    -41.601   39.177  -28.616      0.090     0.090
  C13   CLH    -40.870   41.223  -28.588     -0.270    -0.270
  H24   CLH    -39.897   40.890  -29.004      0.090     0.090
  H25   CLH    -40.681   42.017  -27.834      0.090     0.090
  H26   CLH    -41.453   41.666  -29.424      0.090     0.090
   MG   CLA    -41.569   59.267  -16.149      0.981     0.984
  CHA   CLA    -39.766   60.408  -13.406      0.341     0.358
  CHB   CLA    -44.279   61.031  -14.943     -0.482    -0.467
  HHB   CLA    -45.164   61.410  -14.440      0.153     0.148
  CHC   CLA    -42.983   59.254  -19.241     -0.100    -0.182
  HHC   CLA    -43.486   59.224  -20.203      0.107     0.112
  CHD   CLA    -38.514   58.221  -17.555     -0.176    -0.341
  HHD   CLA    -37.563   57.922  -17.984      0.142     0.154
   NA   CLA    -41.964   60.377  -14.435     -0.498    -0.529
  C1A   CLA    -41.069   60.787  -13.440     -0.075    -0.054
  C2A   CLA    -41.771   61.619  -12.384      0.138     0.146
  H2A   CLA    -41.554   61.347  -11.338      0.002     0.003
  C3A   CLA    -43.233   61.252  -12.667      0.048     0.047
  H3A   CLA    -43.858   62.128  -12.457      0.030     0.030
  C4A   CLA    -43.192   60.869  -14.132      0.448     0.471
  CMA   CLA    -43.566   60.043  -11.850     -0.421    -0.413
 HMA1   CLA    -43.684   60.297  -10.775      0.116     0.114
 HMA2   CLA    -42.771   59.266  -11.938      0.116     0.114
 HMA3   CLA    -44.501   59.564  -12.210      0.116     0.114
  CAA   CLA    -41.429   63.105  -12.544      0.128     0.127
 HAA1   CLA    -40.414   63.199  -12.079     -0.024    -0.024
 HAA2   CLA    -42.084   63.730  -11.901     -0.024    -0.024
  CBA   CLA    -41.233   63.627  -13.960     -0.250    -0.247
 HBA1   CLA    -40.787   62.893  -14.657      0.030     0.028
 HBA2   CLA    -40.561   64.515  -13.916      0.030     0.028
  CGA   CLA    -42.572   64.102  -14.422      0.783     0.783
  O1A   CLA    -43.476   64.499  -13.704     -0.544    -0.544
  O2A   CLA    -42.814   64.082  -15.768     -0.331    -0.331
   NB   CLA    -43.274   60.025  -16.937     -0.442    -0.437
  C1B   CLA    -44.278   60.641  -16.274      0.143     0.115
  C2B   CLA    -45.480   60.765  -17.113      0.260     0.236
  C3B   CLA    -45.151   60.269  -18.333     -0.071    -0.110
  C4B   CLA    -43.733   59.799  -18.246      0.094     0.158
  CMB   CLA    -46.707   61.388  -16.643     -0.550    -0.548
 HMB1   CLA    -46.565   62.482  -16.583      0.154     0.153
 HMB2   CLA    -46.965   60.986  -15.641      0.154     0.153
 HMB3   CLA    -47.538   61.162  -17.344      0.154     0.153
  CAB   CLA    -45.982   60.194  -19.500     -0.106    -0.098
  HAB   CLA    -46.298   59.184  -19.791      0.126     0.125
  CBB   CLA    -46.451   61.221  -20.201     -0.360    -0.375
 HBB1   CLA    -46.221   62.253  -19.906      0.161     0.162
 HBB2   CLA    -47.138   61.069  -21.050      0.161     0.162
   NC   CLA    -40.888   58.738  -18.039     -0.342    -0.424
  C1C   CLA    -41.663   58.733  -19.148     -0.081    -0.005
  C2C   CLA    -40.894   58.217  -20.261      0.315     0.329
  C3C   CLA    -39.598   58.020  -19.814     -0.216    -0.231
  C4C   CLA    -39.614   58.331  -18.405      0.115     0.279
  CMC   CLA    -41.395   58.032  -21.609     -0.611    -0.609
 HMC1   CLA    -40.991   58.830  -22.262      0.167     0.167
 HMC2   CLA    -42.502   58.074  -21.625      0.167     0.167
 HMC3   CLA    -41.067   57.047  -21.998      0.167     0.167
  CAC   CLA    -38.461   57.493  -20.577      0.133     0.135
 HAC1   CLA    -38.828   56.706  -21.274      0.005     0.004
 HAC2   CLA    -37.738   57.005  -19.889      0.005     0.004
  CBC   CLA    -37.773   58.571  -21.369     -0.223    -0.223
 HBC1   CLA    -37.377   59.353  -20.684      0.060     0.060
 HBC2   CLA    -38.482   59.057  -22.068      0.060     0.060
 HBC3   CLA    -36.922   58.159  -21.949      0.060     0.060
   ND   CLA    -39.641   59.108  -15.590     -0.465    -0.500
  C1D   CLA    -38.505   58.573  -16.235      0.090     0.225
  C2D   CLA    -37.382   58.538  -15.288      0.225     0.168
  C3D   CLA    -37.811   59.255  -14.194     -0.286    -0.291
  C4D   CLA    -39.201   59.631  -14.458      0.073     0.111
  CMD   CLA    -36.091   57.916  -15.535     -0.490    -0.480
 HMD1   CLA    -35.932   57.762  -16.619      0.145     0.145
 HMD2   CLA    -36.044   56.937  -15.017      0.145     0.145
 HMD3   CLA    -35.275   58.559  -15.155      0.145     0.145
  CAD   CLA    -37.481   59.744  -12.881      0.734     0.731
  OBD   CLA    -36.460   59.603  -12.240     -0.483    -0.490
  CBD   CLA    -38.675   60.599  -12.378     -0.870    -0.917
 HBD1   CLA    -38.330   61.654  -12.400      0.235     0.245
  CGD   CLA    -39.045   60.262  -10.958      0.832     0.838
  O1D   CLA    -40.092   59.805  -10.514     -0.527    -0.527
  O2D   CLA    -38.053   60.515  -10.073     -0.284    -0.280
  CED   CLA    -38.394   60.663   -8.701     -0.212    -0.215
 HED1   CLA    -38.391   59.670   -8.202      0.126     0.127
 HED2   CLA    -39.381   61.164   -8.569      0.126     0.127
 HED3   CLA    -37.635   61.309   -8.208      0.126     0.127
   C1   CLA    -44.179   64.389  -16.145     -0.191    -0.191
   H1   CLA    -44.426   65.424  -15.816      0.182     0.182
   H2   CLA    -44.880   63.725  -15.583      0.181     0.181
   C2   CLA    -44.368   64.104  -17.585     -0.150    -0.150
   H3   CLA    -44.254   63.062  -17.923      0.150     0.150
   C3   CLA    -44.612   65.082  -18.463      0.000     0.000
   C4   CLA    -44.696   66.508  -18.073     -0.270    -0.270
   H5   CLA    -43.691   66.951  -17.915      0.090     0.090
   H6   CLA    -45.305   66.683  -17.162      0.090     0.090
   H7   CLA    -45.187   67.099  -18.876      0.090     0.090
   C5   CLA    -44.790   64.798  -19.903     -0.180    -0.180
   H8   CLA    -45.750   65.208  -20.276      0.090     0.090
   H9   CLA    -44.785   63.706  -20.121      0.090     0.090
   C6   CLA    -43.652   65.423  -20.665     -0.180    -0.180
  H10   CLA    -42.696   65.029  -20.239      0.090     0.090
  H11   CLA    -43.646   66.533  -20.570      0.090     0.090
   C7   CLA    -43.657   65.035  -22.126     -0.180    -0.180
  H12   CLA    -44.446   65.640  -22.629      0.090     0.090
  H13   CLA    -43.933   63.963  -22.248      0.090     0.090
   C8   CLA    -42.311   65.260  -22.817     -0.090    -0.090
  H14   CLA    -41.645   64.421  -22.516      0.090     0.090
   C9   CLA    -41.634   66.540  -22.358     -0.270    -0.270
  H15   CLA    -41.361   66.507  -21.287      0.090     0.090
  H16   CLA    -42.299   67.414  -22.527      0.090     0.090
  H17   CLA    -40.695   66.704  -22.929      0.090     0.090
  C10   CLA    -42.493   65.288  -24.326     -0.180    -0.180
  H18   CLA    -42.045   66.224  -24.734      0.090     0.090
  H19   CLA    -43.576   65.321  -24.583      0.090     0.090
  C11   CLA    -41.857   64.111  -25.031     -0.180    -0.180
  H20   CLA    -42.097   64.291  -26.101      0.090     0.090
  H21   CLA    -42.364   63.164  -24.739      0.090     0.090
  C12   CLA    -40.371   64.003  -24.745     -0.180    -0.180
  H22   CLA    -40.202   63.442  -23.801      0.090     0.090
  H23   CLA    -40.002   65.040  -24.554      0.090     0.090
  C13   CLA    -39.479   63.441  -25.857     -0.090    -0.090
  H24   CLA    -38.660   64.182  -26.044      0.090     0.090
  C14   CLA    -40.171   63.235  -27.193     -0.270    -0.270
  H25   CLA    -40.581   64.189  -27.587      0.090     0.090
  H26   CLA    -40.988   62.498  -27.088      0.090     0.090
  H27   CLA    -39.451   62.844  -27.943      0.090     0.090
  C15   CLA    -38.828   62.139  -25.415     -0.180    -0.180
  H28   CLA    -38.640   61.524  -26.328      0.090     0.090
  H29   CLA    -39.516   61.548  -24.772      0.090     0.090
  C16   CLA    -37.483   62.349  -24.745     -0.180    -0.180
  H30   CLA    -37.668   62.811  -23.753      0.090     0.090
  H31   CLA    -36.865   63.061  -25.340      0.090     0.090
  C17   CLA    -36.734   61.036  -24.647     -0.180    -0.180
  H32   CLA    -36.561   60.633  -25.671      0.090     0.090
  H33   CLA    -37.368   60.301  -24.101      0.090     0.090
  C18   CLA    -35.399   61.130  -23.924     -0.090    -0.090
  H34   CLA    -34.759   61.863  -24.478      0.090     0.090
  C19   CLA    -35.590   61.650  -22.510     -0.270    -0.270
  H35   CLA    -36.251   60.978  -21.925      0.090     0.090
  H36   CLA    -36.025   62.670  -22.497      0.090     0.090
  H37   CLA    -34.611   61.722  -21.992      0.090     0.090
  C20   CLA    -34.689   59.789  -23.936     -0.270    -0.270
  H38   CLA    -34.524   59.446  -24.981      0.090     0.090
  H39   CLA    -35.301   59.024  -23.415      0.090     0.090
  H40   CLA    -33.699   59.860  -23.438      0.090     0.090
   MG   CLJ    -58.412   58.122  -17.196      0.981     0.984
  CHA   CLJ    -55.859   60.010  -15.885      0.341     0.358
  CHB   CLJ    -60.600   59.552  -14.980     -0.482    -0.467
  HHB   CLJ    -61.276   59.894  -14.201      0.153     0.148
  CHC   CLJ    -60.988   56.829  -18.955     -0.100    -0.182
  HHC   CLJ    -61.844   56.436  -19.491      0.107     0.112
  CHD   CLJ    -56.245   57.096  -19.821     -0.176    -0.341
  HHD   CLJ    -55.566   56.756  -20.597      0.142     0.154
   NA   CLJ    -58.222   59.509  -15.645     -0.498    -0.529
  C1A   CLJ    -57.068   60.198  -15.251     -0.075    -0.054
  C2A   CLJ    -57.382   61.113  -14.052      0.138     0.146
  H2A   CLJ    -56.708   60.843  -13.210      0.002     0.003
  C3A   CLJ    -58.833   60.727  -13.677      0.048     0.047
  H3A   CLJ    -59.582   61.497  -13.487      0.030     0.030
  C4A   CLJ    -59.269   59.872  -14.851      0.448     0.471
  CMA   CLJ    -58.946   59.936  -12.404     -0.421    -0.413
 HMA1   CLJ    -58.576   60.527  -11.536      0.116     0.114
 HMA2   CLJ    -58.367   58.991  -12.463      0.116     0.114
 HMA3   CLJ    -60.007   59.666  -12.199      0.116     0.114
  CAA   CLJ    -57.226   62.604  -14.353      0.128     0.127
 HAA1   CLJ    -56.475   62.712  -15.150     -0.024    -0.024
 HAA2   CLJ    -56.767   63.046  -13.433     -0.024    -0.024
  CBA   CLJ    -58.509   63.361  -14.617     -0.250    -0.247
 HBA1   CLJ    -58.285   64.323  -14.069      0.030     0.028
 HBA2   CLJ    -59.474   63.185  -14.158      0.030     0.028
  CGA   CLJ    -58.568   63.877  -16.026      0.783     0.783
  O1A   CLJ    -57.839   64.727  -16.540     -0.544    -0.544
  O2A   CLJ    -59.555   63.321  -16.814     -0.331    -0.331
   NB   CLJ    -60.410   58.160  -16.975     -0.442    -0.437
  C1B   CLJ    -61.122   58.778  -16.012      0.143     0.115
  C2B   CLJ    -62.573   58.525  -16.192      0.260     0.236
  C3B   CLJ    -62.690   57.751  -17.310     -0.071    -0.110
  C4B   CLJ    -61.316   57.520  -17.834      0.094     0.158
  CMB   CLJ    -63.606   59.087  -15.327     -0.550    -0.548
 HMB1   CLJ    -63.551   60.195  -15.349      0.154     0.153
 HMB2   CLJ    -63.448   58.725  -14.289      0.154     0.153
 HMB3   CLJ    -64.612   58.762  -15.665      0.154     0.153
  CAB   CLJ    -63.884   57.258  -17.934     -0.106    -0.098
  HAB   CLJ    -64.658   58.014  -18.139      0.126     0.125
  CBB   CLJ    -64.124   55.990  -18.293     -0.360    -0.375
 HBB1   CLJ    -63.374   55.207  -18.102      0.161     0.162
 HBB2   CLJ    -65.073   55.706  -18.772      0.161     0.162
   NC   CLJ    -58.558   57.061  -18.993     -0.342    -0.424
  C1C   CLJ    -59.718   56.580  -19.491     -0.081    -0.005
  C2C   CLJ    -59.541   55.866  -20.738      0.315     0.329
  C3C   CLJ    -58.190   55.990  -21.042     -0.216    -0.231
  C4C   CLJ    -57.586   56.738  -19.935      0.115     0.279
  CMC   CLJ    -60.629   55.238  -21.490     -0.611    -0.609
 HMC1   CLJ    -61.557   55.837  -21.415      0.167     0.167
 HMC2   CLJ    -60.811   54.213  -21.108      0.167     0.167
 HMC3   CLJ    -60.346   55.188  -22.558      0.167     0.167
  CAC   CLJ    -57.516   55.460  -22.236      0.133     0.135
 HAC1   CLJ    -56.552   55.991  -22.371      0.005     0.004
 HAC2   CLJ    -58.139   55.725  -23.121      0.005     0.004
  CBC   CLJ    -57.282   53.973  -22.251     -0.223    -0.223
 HBC1   CLJ    -58.236   53.431  -22.075      0.060     0.060
 HBC2   CLJ    -56.568   53.684  -21.451      0.060     0.060
 HBC3   CLJ    -56.890   53.645  -23.233      0.060     0.060
   ND   CLJ    -56.488   58.349  -17.714     -0.465    -0.500
  C1D   CLJ    -55.728   57.852  -18.801      0.090     0.225
  C2D   CLJ    -54.337   58.282  -18.661      0.225     0.168
  C3D   CLJ    -54.322   59.089  -17.539     -0.286    -0.291
  C4D   CLJ    -55.697   59.136  -17.010      0.073     0.111
  CMD   CLJ    -53.277   57.897  -19.586     -0.490    -0.480
 HMD1   CLJ    -53.395   58.460  -20.537      0.145     0.145
 HMD2   CLJ    -53.306   56.806  -19.787      0.145     0.145
 HMD3   CLJ    -52.291   58.166  -19.152      0.145     0.145
  CAD   CLJ    -53.529   59.920  -16.674      0.734     0.731
  OBD   CLJ    -52.339   60.149  -16.730     -0.483    -0.490
  CBD   CLJ    -54.487   60.582  -15.639     -0.870    -0.917
 HBD1   CLJ    -54.503   61.644  -15.884      0.235     0.245
  CGD   CLJ    -54.093   60.460  -14.194      0.832     0.838
  O1D   CLJ    -54.390   59.583  -13.390     -0.527    -0.527
  O2D   CLJ    -53.345   61.495  -13.741     -0.284    -0.280
  CED   CLJ    -52.948   61.466  -12.370     -0.212    -0.215
 HED1   CLJ    -52.424   60.516  -12.110      0.126     0.127
 HED2   CLJ    -53.821   61.601  -11.693      0.126     0.127
 HED3   CLJ    -52.234   62.296  -12.180      0.126     0.127
   C1   CLJ    -60.832   62.945  -16.234     -0.191    -0.191
   H1   CLJ    -61.110   63.592  -15.370      0.182     0.182
   H2   CLJ    -60.784   61.894  -15.875      0.181     0.181
   C2   CLJ    -61.907   63.071  -17.252     -0.150    -0.150
   H3   CLJ    -62.597   63.919  -17.119      0.150     0.150
   C3   CLJ    -62.073   62.279  -18.330     -0.150    -0.150
   H4   CLJ    -62.905   62.509  -19.014      0.150     0.150
   C4   CLJ    -61.205   61.140  -18.714     -0.270    -0.270
   H5   CLJ    -60.373   60.958  -17.998      0.090     0.090
   H6   CLJ    -60.743   61.314  -19.710      0.090     0.090
   H7   CLJ    -61.790   60.197  -18.777      0.090     0.090
   MG   CLJ    -51.496   62.206  -21.580      0.981     0.984
  CHA   CLJ    -52.052   63.769  -18.560      0.341     0.358
  CHB   CLJ    -48.441   63.656  -21.781     -0.482    -0.467
  HHB   CLJ    -47.455   64.111  -21.809      0.153     0.148
  CHC   CLJ    -51.091   60.807  -24.675     -0.100    -0.182
  HHC   CLJ    -50.946   60.247  -25.589      0.107     0.112
  CHD   CLJ    -54.839   61.009  -21.510     -0.176    -0.341
  HHD   CLJ    -55.860   60.639  -21.462      0.142     0.154
   NA   CLJ    -50.423   63.491  -20.342     -0.498    -0.529
  C1A   CLJ    -50.809   63.998  -19.097     -0.075    -0.054
  C2A   CLJ    -49.696   64.861  -18.509      0.138     0.146
  H2A   CLJ    -50.120   65.843  -18.312      0.002     0.003
  C3A   CLJ    -48.591   64.833  -19.579      0.048     0.047
  H3A   CLJ    -47.650   64.373  -19.205      0.030     0.030
  C4A   CLJ    -49.166   63.913  -20.644      0.448     0.471
  CMA   CLJ    -48.305   66.202  -20.134     -0.421    -0.413
 HMA1   CLJ    -47.769   66.830  -19.390      0.116     0.114
 HMA2   CLJ    -49.247   66.717  -20.430      0.116     0.114
 HMA3   CLJ    -47.660   66.148  -21.038      0.116     0.114
  CAA   CLJ    -49.120   64.183  -17.282      0.128     0.127
 HAA1   CLJ    -48.644   63.230  -17.611     -0.024    -0.024
 HAA2   CLJ    -49.930   63.879  -16.582     -0.024    -0.024
  CBA   CLJ    -48.073   65.028  -16.596     -0.250    -0.247
 HBA1   CLJ    -47.424   65.565  -17.318      0.030     0.028
 HBA2   CLJ    -47.416   64.368  -15.985      0.030     0.028
  CGA   CLJ    -48.759   65.955  -15.651      0.783     0.783
  O1A   CLJ    -49.523   65.671  -14.725     -0.544    -0.544
  O2A   CLJ    -48.474   67.268  -15.902     -0.331    -0.331
   NB   CLJ    -50.047   62.236  -22.979     -0.442    -0.437
  C1B   CLJ    -48.859   62.863  -22.847      0.143     0.115
  C2B   CLJ    -48.015   62.627  -24.037      0.260     0.236
  C3B   CLJ    -48.723   61.823  -24.887     -0.071    -0.110
  C4B   CLJ    -50.043   61.546  -24.218      0.094     0.158
  CMB   CLJ    -46.674   63.189  -24.182     -0.550    -0.548
 HMB1   CLJ    -46.135   63.131  -23.213      0.154     0.153
 HMB2   CLJ    -46.746   64.250  -24.499      0.154     0.153
 HMB3   CLJ    -46.077   62.625  -24.926      0.154     0.153
  CAB   CLJ    -48.218   61.363  -26.159     -0.106    -0.098
  HAB   CLJ    -47.148   61.568  -26.313      0.126     0.125
  CBB   CLJ    -48.791   60.685  -27.155     -0.360    -0.375
 HBB1   CLJ    -49.851   60.407  -27.145      0.161     0.162
 HBB2   CLJ    -48.210   60.397  -28.044      0.161     0.162
   NC   CLJ    -52.738   61.103  -22.836     -0.342    -0.424
  C1C   CLJ    -52.344   60.593  -24.037     -0.081    -0.005
  C2C   CLJ    -53.415   59.813  -24.628      0.315     0.329
  C3C   CLJ    -54.492   59.906  -23.753     -0.216    -0.231
  C4C   CLJ    -54.052   60.699  -22.620      0.115     0.279
  CMC   CLJ    -53.334   59.129  -25.918     -0.611    -0.609
 HMC1   CLJ    -52.412   58.519  -25.956      0.167     0.167
 HMC2   CLJ    -53.300   59.887  -26.728      0.167     0.167
 HMC3   CLJ    -54.219   58.481  -26.070      0.167     0.167
  CAC   CLJ    -55.811   59.280  -23.899      0.133     0.135
 HAC1   CLJ    -56.253   59.101  -22.894      0.005     0.004
 HAC2   CLJ    -55.691   58.283  -24.377      0.005     0.004
  CBC   CLJ    -56.747   60.125  -24.727     -0.223    -0.223
 HBC1   CLJ    -56.334   60.284  -25.747      0.060     0.060
 HBC2   CLJ    -56.896   61.119  -24.252      0.060     0.060
 HBC3   CLJ    -57.738   59.631  -24.822      0.060     0.060
   ND   CLJ    -53.110   62.320  -20.375     -0.465    -0.500
  C1D   CLJ    -54.418   61.783  -20.461      0.090     0.225
  C2D   CLJ    -55.183   62.178  -19.268      0.225     0.168
  C3D   CLJ    -54.324   62.926  -18.503     -0.286    -0.291
  C4D   CLJ    -53.048   62.992  -19.235      0.073     0.111
  CMD   CLJ    -56.575   61.828  -19.018     -0.490    -0.480
 HMD1   CLJ    -56.720   60.734  -19.131      0.145     0.145
 HMD2   CLJ    -57.229   62.364  -19.738      0.145     0.145
 HMD3   CLJ    -56.861   62.134  -17.990      0.145     0.145
  CAD   CLJ    -54.165   63.682  -17.288      0.734     0.731
  OBD   CLJ    -54.949   63.878  -16.375     -0.483    -0.490
  CBD   CLJ    -52.729   64.259  -17.302     -0.870    -0.917
 HBD1   CLJ    -52.232   63.853  -16.404      0.235     0.245
  CGD   CLJ    -52.786   65.750  -17.253      0.832     0.838
  O1D   CLJ    -53.286   66.510  -18.078     -0.527    -0.527
  O2D   CLJ    -52.231   66.276  -16.134     -0.284    -0.280
  CED   CLJ    -53.067   66.488  -14.995     -0.212    -0.215
 HED1   CLJ    -54.046   65.956  -15.071      0.126     0.127
 HED2   CLJ    -53.276   67.574  -14.877      0.126     0.127
 HED3   CLJ    -52.551   66.124  -14.080      0.126     0.127
   C1   CLJ    -49.609   68.138  -16.088     -0.191    -0.191
   H1   CLJ    -49.320   69.156  -15.738      0.182     0.182
   H2   CLJ    -50.496   67.847  -15.478      0.181     0.181
   C2   CLJ    -49.902   68.179  -17.542     -0.150    -0.150
   H3   CLJ    -49.260   67.586  -18.198      0.150     0.150
   C3   CLJ    -50.759   69.038  -18.121     -0.150    -0.150
   H4   CLJ    -50.866   69.036  -19.219      0.150     0.150
   C4   CLJ    -51.516   70.059  -17.359     -0.270    -0.270
   H5   CLJ    -51.379   70.018  -16.258      0.090     0.090
   H6   CLJ    -52.606   69.940  -17.548      0.090     0.090
   H7   CLJ    -51.237   71.083  -17.689      0.090     0.090
   MG   CLG    -56.009   48.635  -33.060      0.981     0.984
  CHA   CLG    -57.619   48.372  -36.120      0.341     0.358
  CHB   CLG    -57.444   51.730  -32.626     -0.482    -0.467
  HHB   CLG    -57.605   52.803  -32.607      0.153     0.148
  CHC   CLG    -55.215   48.556  -29.707     -0.100    -0.182
  HHC   CLG    -54.849   48.579  -28.683      0.107     0.112
  CHD   CLG    -55.126   45.224  -33.306     -0.176    -0.341
  HHD   CLG    -54.762   44.209  -33.400      0.142     0.154
   NA   CLG    -57.269   49.849  -34.209     -0.498    -0.529
  C1A   CLG    -57.838   49.551  -35.460     -0.075    -0.054
  C2A   CLG    -58.710   50.698  -35.961      0.138     0.146
  H2A   CLG    -58.397   51.038  -36.967      0.002     0.003
  C3A   CLG    -58.390   51.830  -34.959      0.048     0.047
  H3A   CLG    -59.329   52.283  -34.573      0.030     0.030
  C4A   CLG    -57.659   51.104  -33.832      0.448     0.471
  CMA   CLG    -57.552   52.895  -35.606     -0.421    -0.413
 HMA1   CLG    -58.129   53.420  -36.396      0.116     0.114
 HMA2   CLG    -56.659   52.445  -36.092      0.116     0.114
 HMA3   CLG    -57.224   53.654  -34.863      0.116     0.114
  CAA   CLG    -60.197   50.339  -35.984      0.128     0.127
 HAA1   CLG    -60.442   49.704  -36.862     -0.024    -0.024
 HAA2   CLG    -60.697   51.311  -36.130     -0.024    -0.024
  CBA   CLG    -60.757   49.782  -34.691     -0.250    -0.247
 HBA1   CLG    -61.830   50.082  -34.622      0.030     0.028
 HBA2   CLG    -60.238   50.228  -33.817      0.030     0.028
  CGA   CLG    -60.721   48.287  -34.638      0.783     0.783
  O1A   CLG    -60.815   47.474  -35.549     -0.544    -0.544
  O2A   CLG    -60.515   47.807  -33.381     -0.331    -0.331
   NB   CLG    -56.247   49.898  -31.506     -0.442    -0.437
  C1B   CLG    -56.799   51.136  -31.537      0.143     0.115
  C2B   CLG    -56.636   51.807  -30.220      0.260     0.236
  C3B   CLG    -56.006   50.916  -29.393     -0.071    -0.110
  C4B   CLG    -55.756   49.693  -30.194      0.094     0.158
  CMB   CLG    -57.136   53.144  -29.940     -0.550    -0.548
 HMB1   CLG    -58.232   53.177  -30.111      0.154     0.153
 HMB2   CLG    -56.633   53.874  -30.608      0.154     0.153
 HMB3   CLG    -56.926   53.418  -28.885      0.154     0.153
  CAB   CLG    -55.651   51.016  -28.007     -0.106    -0.098
  HAB   CLG    -56.472   50.904  -27.289      0.126     0.125
  CBB   CLG    -54.440   51.316  -27.552     -0.360    -0.375
 HBB1   CLG    -53.598   51.484  -28.231      0.161     0.162
 HBB2   CLG    -54.249   51.408  -26.472      0.161     0.162
   NC   CLG    -55.288   47.166  -31.759     -0.342    -0.424
  C1C   CLG    -55.017   47.358  -30.434     -0.081    -0.005
  C2C   CLG    -54.501   46.136  -29.839      0.315     0.329
  C3C   CLG    -54.498   45.180  -30.846     -0.216    -0.231
  C4C   CLG    -54.972   45.840  -32.056      0.115     0.279
  CMC   CLG    -54.130   45.974  -28.434     -0.611    -0.609
 HMC1   CLG    -54.821   46.558  -27.794      0.167     0.167
 HMC2   CLG    -53.092   46.335  -28.286      0.167     0.167
 HMC3   CLG    -54.195   44.907  -28.142      0.167     0.167
  CAC   CLG    -54.068   43.780  -30.717      0.133     0.135
 HAC1   CLG    -53.378   43.671  -29.854      0.005     0.004
 HAC2   CLG    -53.504   43.513  -31.628      0.005     0.004
  CBC   CLG    -55.227   42.825  -30.560     -0.223    -0.223
 HBC1   CLG    -55.913   42.897  -31.432      0.060     0.060
 HBC2   CLG    -55.806   43.064  -29.641      0.060     0.060
 HBC3   CLG    -54.862   41.778  -30.484      0.060     0.060
   ND   CLG    -56.290   47.106  -34.350     -0.465    -0.500
  C1D   CLG    -55.754   45.796  -34.390      0.090     0.225
  C2D   CLG    -56.005   45.220  -35.728      0.225     0.168
  C3D   CLG    -56.744   46.151  -36.415     -0.286    -0.291
  C4D   CLG    -56.896   47.302  -35.514      0.073     0.111
  CMD   CLG    -55.579   43.906  -36.176     -0.490    -0.480
 HMD1   CLG    -55.610   43.183  -35.336      0.145     0.145
 HMD2   CLG    -54.561   43.980  -36.609      0.145     0.145
 HMD3   CLG    -56.267   43.547  -36.972      0.145     0.145
  CAD   CLG    -57.393   46.478  -37.665      0.734     0.731
  OBD   CLG    -57.488   45.820  -38.690     -0.483    -0.490
  CBD   CLG    -57.984   47.901  -37.509     -0.870    -0.917
 HBD1   CLG    -59.077   47.813  -37.657      0.235     0.245
  CGD   CLG    -57.399   48.822  -38.529      0.832     0.838
  O1D   CLG    -56.234   48.825  -38.933     -0.527    -0.527
  O2D   CLG    -58.282   49.732  -39.031     -0.284    -0.280
  CED   CLG    -57.929   50.412  -40.237     -0.212    -0.215
 HED1   CLG    -57.389   49.750  -40.953      0.126     0.127
 HED2   CLG    -57.327   51.309  -40.007      0.126     0.127
 HED3   CLG    -58.862   50.747  -40.741      0.126     0.127
   C1   CLG    -59.648   46.665  -33.261     -0.191    -0.191
   H1   CLG    -58.874   46.624  -34.060      0.182     0.182
   H2   CLG    -60.268   45.758  -33.379      0.181     0.181
   C2   CLG    -58.988   46.806  -31.941     -0.150    -0.150
   H3   CLG    -58.618   47.805  -31.664      0.150     0.150
   C3   CLG    -58.800   45.791  -31.080      0.000     0.000
   C4   CLG    -59.243   44.405  -31.350     -0.270    -0.270
   H5   CLG    -59.941   44.254  -32.193      0.090     0.090
   H6   CLG    -59.756   43.999  -30.454      0.090     0.090
   H7   CLG    -58.359   43.756  -31.531      0.090     0.090
   C5   CLG    -58.128   46.023  -29.777     -0.180    -0.180
   H8   CLG    -57.245   46.667  -29.939      0.090     0.090
   H9   CLG    -57.735   45.069  -29.360      0.090     0.090
   C6   CLG    -59.025   46.706  -28.770     -0.180    -0.180
  H10   CLG    -59.239   45.934  -27.991      0.090     0.090
  H11   CLG    -60.009   47.017  -29.195      0.090     0.090
   C7   CLG    -58.367   47.910  -28.121     -0.180    -0.180
  H12   CLG    -58.565   48.817  -28.729      0.090     0.090
  H13   CLG    -57.262   47.772  -28.094      0.090     0.090
   C8   CLG    -58.818   48.116  -26.681     -0.090    -0.090
  H14   CLG    -58.364   47.299  -26.080      0.090     0.090
   C9   CLG    -60.330   47.996  -26.562     -0.270    -0.270
  H15   CLG    -60.713   47.146  -27.136      0.090     0.090
  H16   CLG    -60.823   48.910  -26.959      0.090     0.090
  H17   CLG    -60.636   47.851  -25.508      0.090     0.090
  C10   CLG    -58.339   49.461  -26.143     -0.180    -0.180
  H18   CLG    -58.634   50.250  -26.866      0.090     0.090
  H19   CLG    -57.227   49.436  -26.091      0.090     0.090
  C11   CLG    -58.871   49.744  -24.753     -0.180    -0.180
  H20   CLG    -58.651   48.981  -24.024      0.090     0.090
  H21   CLG    -59.988   49.676  -24.788      0.090     0.090
  C12   CLG    -58.755   51.191  -24.326     -0.180    -0.180
  H22   CLG    -57.677   51.466  -24.280      0.090     0.090
  H23   CLG    -59.149   51.292  -23.287      0.090     0.090
  C13   CLG    -59.498   52.164  -25.231     -0.090    -0.090
  H24   CLG    -60.012   51.613  -26.055      0.090     0.090
  C14   CLG    -58.546   53.172  -25.840     -0.270    -0.270
  H25   CLG    -57.739   52.658  -26.404      0.090     0.090
  H26   CLG    -58.081   53.801  -25.053      0.090     0.090
  H27   CLG    -59.088   53.843  -26.541      0.090     0.090
  C15   CLG    -60.580   52.904  -24.459     -0.270    -0.270
  H28   CLG    -60.127   53.420  -23.589      0.090     0.090
  H29   CLG    -61.342   52.191  -24.076      0.090     0.090
  H30   CLG    -61.088   53.654  -25.101      0.090     0.090
   MG   CHI    -63.851   53.444  -33.737      1.068     1.071
  CHA   CHI    -64.525   50.339  -32.423      0.340     0.380
  CHB   CHI    -66.729   53.434  -35.349     -0.471    -0.426
  HHB   CHI    -67.281   53.288  -36.273      0.148     0.141
  CHC   CHI    -63.618   56.834  -33.865     -0.293    -0.325
  HHC   CHI    -63.601   57.919  -33.828      0.186     0.185
  CHD   CHI    -60.610   53.226  -32.378     -0.317    -0.491
  HHD   CHI    -59.547   53.076  -32.280      0.164     0.177
   NA   CHI    -65.397   52.183  -33.814     -0.565    -0.571
  C1A   CHI    -65.571   51.067  -33.192     -0.050    -0.042
  C2A   CHI    -66.969   50.536  -33.272      0.157     0.161
  H2A   CHI    -67.015   49.461  -33.533      0.002     0.003
  C3A   CHI    -67.557   51.372  -34.375      0.076     0.075
  H3A   CHI    -68.536   51.815  -34.084      0.021     0.021
  C4A   CHI    -66.503   52.405  -34.538      0.476     0.478
  CMA   CHI    -67.675   50.636  -35.694     -0.416    -0.411
 HMA1   CHI    -68.358   49.764  -35.589      0.113     0.112
 HMA2   CHI    -66.683   50.263  -36.030      0.113     0.112
 HMA3   CHI    -68.087   51.293  -36.490      0.113     0.112
  CAA   CHI    -67.702   50.793  -31.963     -0.097    -0.095
 HAA1   CHI    -67.680   51.874  -31.704      0.015     0.015
 HAA2   CHI    -67.232   50.224  -31.133      0.015     0.015
 HAA3   CHI    -68.763   50.474  -32.045      0.015     0.015
   NB   CHI    -65.019   54.925  -34.506     -0.481    -0.464
  C1B   CHI    -66.200   54.785  -35.133      0.133     0.090
  C2B   CHI    -66.840   56.047  -35.589      0.224     0.204
  C3B   CHI    -65.868   57.033  -35.127     -0.031    -0.068
  C4B   CHI    -64.808   56.248  -34.473      0.192     0.239
  CMB   CHI    -68.126   56.307  -36.300     -0.549    -0.537
 HMB1   CHI    -68.740   55.383  -36.315      0.157     0.154
 HMB2   CHI    -67.921   56.636  -37.339      0.157     0.154
 HMB3   CHI    -68.686   57.107  -35.771      0.157     0.154
  CAB   CHI    -65.964   58.501  -35.270     -0.138    -0.130
  HAB   CHI    -65.886   58.935  -36.280      0.124     0.123
  CBB   CHI    -66.108   59.263  -34.205     -0.337    -0.351
 HBB1   CHI    -66.168   58.823  -33.197      0.168     0.169
 HBB2   CHI    -66.160   60.359  -34.297      0.168     0.169
   NC   CHI    -62.375   54.779  -33.230     -0.582    -0.648
  C1C   CHI    -62.442   56.129  -33.338      0.278     0.305
  C2C   CHI    -61.221   56.833  -32.877     -0.092    -0.072
  C3C   CHI    -60.325   55.767  -32.432     -0.274    -0.281
  C4C   CHI    -61.143   54.560  -32.690      0.379     0.535
  CMC   CHI    -60.915   58.286  -32.844      0.422     0.417
  OMC   CHI    -61.554   59.119  -33.462     -0.479    -0.473
  HMC   CHI    -59.988   58.598  -32.341      0.015     0.015
  CAC   CHI    -58.945   55.874  -31.853      0.182     0.181
 HAC1   CHI    -58.367   56.651  -32.398     -0.004    -0.004
 HAC2   CHI    -58.410   54.906  -31.945     -0.004    -0.004
  CBC   CHI    -59.121   56.263  -30.404     -0.220    -0.217
 HBC1   CHI    -59.710   55.491  -29.862      0.062     0.061
 HBC2   CHI    -59.650   57.236  -30.313      0.062     0.061
 HBC3   CHI    -58.131   56.358  -29.908      0.062     0.061
   ND   CHI    -62.734   52.139  -32.654     -0.520    -0.549
  C1D   CHI    -61.486   52.090  -32.121      0.177     0.306
  C2D   CHI    -61.163   50.833  -31.355      0.223     0.157
  C3D   CHI    -62.440   50.155  -31.513     -0.287    -0.291
  C4D   CHI    -63.235   50.946  -32.223      0.089     0.104
  CMD   CHI    -60.045   50.190  -30.586     -0.524    -0.515
 HMD1   CHI    -59.720   50.854  -29.759      0.156     0.154
 HMD2   CHI    -59.189   50.000  -31.265      0.156     0.154
 HMD3   CHI    -60.382   49.220  -30.162      0.156     0.154
  CAD   CHI    -63.150   48.927  -31.143      0.736     0.736
  OBD   CHI    -62.644   47.962  -30.454     -0.481    -0.487
  CBD   CHI    -64.516   49.007  -31.747     -0.859    -0.913
 HBD1   CHI    -65.286   48.888  -30.970      0.230     0.242
  CGD   CHI    -64.588   47.887  -32.731      0.820     0.827
  O1D   CHI    -65.621   47.518  -33.256     -0.527    -0.527
  O2D   CHI    -63.377   47.167  -33.038     -0.277    -0.273
  CED   CHI    -63.355   45.749  -32.897     -0.210    -0.212
 HED1   CHI    -63.819   45.446  -31.930      0.126     0.126
 HED2   CHI    -62.307   45.390  -32.878      0.126     0.126
 HED3   CHI    -63.916   45.262  -33.723      0.126     0.126
   MG   CLF    -29.955   38.652  -16.212      0.981     0.984
  CHA   CLF    -32.950   38.644  -14.474      0.341     0.358
  CHB   CLF    -30.483   35.385  -17.092     -0.482    -0.467
  HHB   CLF    -30.622   34.332  -17.323      0.153     0.148
  CHC   CLF    -27.408   38.885  -18.511     -0.100    -0.182
  HHC   CLF    -26.561   38.936  -19.191      0.107     0.112
  CHD   CLF    -29.826   42.171  -15.821     -0.176    -0.341
  HHD   CLF    -29.704   43.230  -15.633      0.142     0.154
   NA   CLF    -31.463   37.246  -15.806     -0.498    -0.529
  C1A   CLF    -32.628   37.430  -15.034     -0.075    -0.054
  C2A   CLF    -33.457   36.132  -14.960      0.138     0.146
  H2A   CLF    -33.550   35.860  -13.884      0.002     0.003
  C3A   CLF    -32.559   35.095  -15.678      0.048     0.047
  H3A   CLF    -32.958   34.534  -16.531      0.030     0.030
  C4A   CLF    -31.410   35.945  -16.236      0.448     0.471
  CMA   CLF    -32.131   33.992  -14.749     -0.421    -0.413
 HMA1   CLF    -33.005   33.418  -14.372      0.116     0.114
 HMA2   CLF    -31.573   34.397  -13.875      0.116     0.114
 HMA3   CLF    -31.452   33.278  -15.268      0.116     0.114
  CAA   CLF    -34.858   36.183  -15.570      0.128     0.127
 HAA1   CLF    -35.355   37.151  -15.348     -0.024    -0.024
 HAA2   CLF    -35.462   35.400  -15.050     -0.024    -0.024
  CBA   CLF    -34.897   35.836  -17.040     -0.250    -0.247
 HBA1   CLF    -35.993   35.828  -17.284      0.030     0.028
 HBA2   CLF    -34.589   34.845  -17.400      0.030     0.028
  CGA   CLF    -34.359   36.994  -17.809      0.783     0.783
  O1A   CLF    -34.663   38.181  -17.695     -0.352    -0.352
  O2A   CLF    -33.401   36.629  -18.710     -0.351    -0.351
   NB   CLF    -29.086   37.375  -17.502     -0.442    -0.437
  C1B   CLF    -29.408   36.073  -17.684      0.143     0.115
  C2B   CLF    -28.447   35.459  -18.645      0.260     0.236
  C3B   CLF    -27.575   36.435  -19.047     -0.071    -0.110
  C4B   CLF    -27.982   37.673  -18.336      0.094     0.158
  CMB   CLF    -28.535   34.080  -19.086     -0.550    -0.548
 HMB1   CLF    -29.462   33.940  -19.680      0.154     0.153
 HMB2   CLF    -28.561   33.409  -18.203      0.154     0.153
 HMB3   CLF    -27.656   33.817  -19.711      0.154     0.153
  CAB   CLF    -26.497   36.381  -20.001     -0.106    -0.098
  HAB   CLF    -26.792   36.170  -21.042      0.126     0.125
  CBB   CLF    -25.202   36.564  -19.727     -0.360    -0.375
 HBB1   CLF    -24.876   36.784  -18.698      0.161     0.162
 HBB2   CLF    -24.441   36.506  -20.520      0.161     0.162
   NC   CLF    -28.836   40.231  -17.011     -0.342    -0.424
  C1C   CLF    -27.812   40.094  -17.904     -0.081    -0.005
  C2C   CLF    -27.189   41.377  -18.184      0.315     0.329
  C3C   CLF    -27.910   42.313  -17.454     -0.216    -0.231
  C4C   CLF    -28.911   41.583  -16.695      0.115     0.279
  CMC   CLF    -26.082   41.603  -19.112     -0.611    -0.609
 HMC1   CLF    -26.463   41.557  -20.153      0.167     0.167
 HMC2   CLF    -25.313   40.816  -18.971      0.167     0.167
 HMC3   CLF    -25.623   42.596  -18.932      0.167     0.167
  CAC   CLF    -27.667   43.755  -17.383      0.133     0.135
 HAC1   CLF    -28.627   44.288  -17.269      0.005     0.004
 HAC2   CLF    -27.179   44.119  -18.313      0.005     0.004
  CBC   CLF    -26.811   44.073  -16.188     -0.223    -0.223
 HBC1   CLF    -25.760   43.770  -16.386      0.060     0.060
 HBC2   CLF    -27.147   43.508  -15.298      0.060     0.060
 HBC3   CLF    -26.825   45.162  -15.968      0.060     0.060
   ND   CLF    -31.110   40.126  -15.456     -0.465    -0.500
  C1D   CLF    -30.860   41.503  -15.229      0.090     0.225
  C2D   CLF    -31.897   42.062  -14.348      0.225     0.168
  C3D   CLF    -32.740   41.017  -14.062     -0.286    -0.291
  C4D   CLF    -32.198   39.830  -14.749      0.073     0.111
  CMD   CLF    -31.988   43.454  -13.932     -0.490    -0.480
 HMD1   CLF    -32.857   43.914  -14.444      0.145     0.145
 HMD2   CLF    -31.096   44.015  -14.237      0.145     0.145
 HMD3   CLF    -32.169   43.535  -12.843      0.145     0.145
  CAD   CLF    -33.946   40.620  -13.382      0.734     0.731
  OBD   CLF    -34.768   41.304  -12.789     -0.483    -0.490
  CBD   CLF    -34.054   39.083  -13.543     -0.870    -0.917
 HBD1   CLF    -35.025   38.817  -13.967      0.235     0.245
  CGD   CLF    -33.898   38.465  -12.192      0.832     0.838
  O1D   CLF    -33.114   38.818  -11.308     -0.527    -0.527
  O2D   CLF    -34.732   37.422  -11.951     -0.284    -0.280
  CED   CLF    -34.657   36.839  -10.655     -0.212    -0.215
 HED1   CLF    -35.271   37.425   -9.937      0.126     0.127
 HED2   CLF    -33.620   36.772  -10.262      0.126     0.127
 HED3   CLF    -35.076   35.810  -10.681      0.126     0.127
