    1    MG   CLA     1      0.981    0.984    0.003 
    2   CHA   CLA     1      0.341    0.358    0.017 
    3   CHB   CLA     1     -0.482   -0.467    0.015 
    4   HHB   CLA     1      0.153    0.148   -0.005 
    5   CHC   CLA     1     -0.100   -0.182   -0.082 
    6   HHC   CLA     1      0.107    0.112    0.005 
    7   CHD   CLA     1     -0.176   -0.341   -0.165 
    8   HHD   CLA     1      0.142    0.154    0.012 
    9    NA   CLA     1     -0.498   -0.529   -0.031 
   10   C1A   CLA     1     -0.075   -0.054    0.021 
   11   C2A   CLA     1      0.138    0.146    0.008 
   12   H2A   CLA     1      0.002    0.003    0.001 
   13   C3A   CLA     1      0.048    0.047   -0.001 
   14   H3A   CLA     1      0.030    0.030    0.000 
   15   C4A   CLA     1      0.448    0.471    0.023 
   16   CMA   CLA     1     -0.421   -0.413    0.008 
   17  HMA1   CLA     1      0.116    0.114   -0.002 
   18  HMA2   CLA     1      0.116    0.114   -0.002 
   19  HMA3   CLA     1      0.116    0.114   -0.002 
   20   CAA   CLA     1      0.128    0.127   -0.001 
   21  HAA1   CLA     1     -0.024   -0.024    0.000 
   22  HAA2   CLA     1     -0.024   -0.024    0.000 
   23   CBA   CLA     1     -0.250   -0.247    0.003 
   24  HBA1   CLA     1      0.030    0.028   -0.002 
   25  HBA2   CLA     1      0.030    0.028   -0.002 
   26   CGA   CLA     1      0.783    0.783    0.000 
   27   O1A   CLA     1     -0.544   -0.544    0.000 
   28   O2A   CLA     1     -0.331   -0.331    0.000 
   29    NB   CLA     1     -0.442   -0.437    0.005 
   30   C1B   CLA     1      0.143    0.115   -0.028 
   31   C2B   CLA     1      0.260    0.236   -0.024 
   32   C3B   CLA     1     -0.071   -0.110   -0.039 
   33   C4B   CLA     1      0.094    0.158    0.064 
   34   CMB   CLA     1     -0.550   -0.548    0.002 
   35  HMB1   CLA     1      0.154    0.153   -0.001 
   36  HMB2   CLA     1      0.154    0.153   -0.001 
   37  HMB3   CLA     1      0.154    0.153   -0.001 
   38   CAB   CLA     1     -0.106   -0.098    0.008 
   39   HAB   CLA     1      0.126    0.125   -0.001 
   40   CBB   CLA     1     -0.360   -0.375   -0.015 
   41  HBB1   CLA     1      0.161    0.162    0.001 
   42  HBB2   CLA     1      0.161    0.162    0.001 
   43    NC   CLA     1     -0.342   -0.424   -0.082 
   44   C1C   CLA     1     -0.081   -0.005    0.076 
   45   C2C   CLA     1      0.315    0.329    0.014 
   46   C3C   CLA     1     -0.216   -0.231   -0.015 
   47   C4C   CLA     1      0.115    0.279    0.164 
   48   CMC   CLA     1     -0.611   -0.609    0.002 
   49  HMC1   CLA     1      0.167    0.167    0.000 
   50  HMC2   CLA     1      0.167    0.167    0.000 
   51  HMC3   CLA     1      0.167    0.167    0.000 
   52   CAC   CLA     1      0.133    0.135    0.002 
   53  HAC1   CLA     1      0.005    0.004   -0.001 
   54  HAC2   CLA     1      0.005    0.004   -0.001 
   55   CBC   CLA     1     -0.223   -0.223    0.000 
   56  HBC1   CLA     1      0.060    0.060    0.000 
   57  HBC2   CLA     1      0.060    0.060    0.000 
   58  HBC3   CLA     1      0.060    0.060    0.000 
   59    ND   CLA     1     -0.465   -0.500   -0.035 
   60   C1D   CLA     1      0.090    0.225    0.135 
   61   C2D   CLA     1      0.225    0.168   -0.057 
   62   C3D   CLA     1     -0.286   -0.291   -0.005 
   63   C4D   CLA     1      0.073    0.111    0.038 
   64   CMD   CLA     1     -0.490   -0.480    0.010 
   65  HMD1   CLA     1      0.145    0.145    0.000 
   66  HMD2   CLA     1      0.145    0.145    0.000 
   67  HMD3   CLA     1      0.145    0.145    0.000 
   68   CAD   CLA     1      0.734    0.731   -0.003 
   69   OBD   CLA     1     -0.483   -0.490   -0.007 
   70   CBD   CLA     1     -0.870   -0.917   -0.047 
   71  HBD1   CLA     1      0.235    0.245    0.010 
   72   CGD   CLA     1      0.832    0.838    0.006 
   73   O1D   CLA     1     -0.527   -0.527    0.000 
   74   O2D   CLA     1     -0.284   -0.280    0.004 
   75   CED   CLA     1     -0.212   -0.215   -0.003 
   76  HED1   CLA     1      0.126    0.127    0.001 
   77  HED2   CLA     1      0.126    0.127    0.001 
   78  HED3   CLA     1      0.126    0.127    0.001 
   79    C1   CLA     1     -0.191   -0.191    0.000 
   80    H1   CLA     1      0.182    0.182    0.000 
   81    H2   CLA     1      0.181    0.181    0.000 
   82    C2   CLA     1     -0.150   -0.150    0.000 
   83    H3   CLA     1      0.150    0.150    0.000 
   84    C3   CLA     1      0.000    0.000    0.000 
   85    C4   CLA     1     -0.270   -0.270    0.000 
   86    H5   CLA     1      0.090    0.090    0.000 
   87    H6   CLA     1      0.090    0.090    0.000 
   88    H7   CLA     1      0.090    0.090    0.000 
   89    C5   CLA     1     -0.180   -0.180    0.000 
   90    H8   CLA     1      0.090    0.090    0.000 
   91    H9   CLA     1      0.090    0.090    0.000 
   92    C6   CLA     1     -0.180   -0.180    0.000 
   93   H10   CLA     1      0.090    0.090    0.000 
   94   H11   CLA     1      0.090    0.090    0.000 
   95    C7   CLA     1     -0.180   -0.180    0.000 
   96   H12   CLA     1      0.090    0.090    0.000 
   97   H13   CLA     1      0.090    0.090    0.000 
   98    C8   CLA     1     -0.090   -0.090    0.000 
   99   H14   CLA     1      0.090    0.090    0.000 
  100    C9   CLA     1     -0.270   -0.270    0.000 
  101   H15   CLA     1      0.090    0.090    0.000 
  102   H16   CLA     1      0.090    0.090    0.000 
  103   H17   CLA     1      0.090    0.090    0.000 
  104   C10   CLA     1     -0.180   -0.180    0.000 
  105   H18   CLA     1      0.090    0.090    0.000 
  106   H19   CLA     1      0.090    0.090    0.000 
  107   C11   CLA     1     -0.180   -0.180    0.000 
  108   H20   CLA     1      0.090    0.090    0.000 
  109   H21   CLA     1      0.090    0.090    0.000 
  110   C12   CLA     1     -0.180   -0.180    0.000 
  111   H22   CLA     1      0.090    0.090    0.000 
  112   H23   CLA     1      0.090    0.090    0.000 
  113   C13   CLA     1     -0.090   -0.090    0.000 
  114   H24   CLA     1      0.090    0.090    0.000 
  115   C14   CLA     1     -0.270   -0.270    0.000 
  116   H25   CLA     1      0.090    0.090    0.000 
  117   H26   CLA     1      0.090    0.090    0.000 
  118   H27   CLA     1      0.090    0.090    0.000 
  119   C15   CLA     1     -0.180   -0.180    0.000 
  120   H28   CLA     1      0.090    0.090    0.000 
  121   H29   CLA     1      0.090    0.090    0.000 
  122   C16   CLA     1     -0.180   -0.180    0.000 
  123   H30   CLA     1      0.090    0.090    0.000 
  124   H31   CLA     1      0.090    0.090    0.000 
  125   C17   CLA     1     -0.180   -0.180    0.000 
  126   H32   CLA     1      0.090    0.090    0.000 
  127   H33   CLA     1      0.090    0.090    0.000 
  128   C18   CLA     1     -0.090   -0.090    0.000 
  129   H34   CLA     1      0.090    0.090    0.000 
  130   C19   CLA     1     -0.270   -0.270    0.000 
  131   H35   CLA     1      0.090    0.090    0.000 
  132   H36   CLA     1      0.090    0.090    0.000 
  133   H37   CLA     1      0.090    0.090    0.000 
  134   C20   CLA     1     -0.270   -0.270    0.000 
  135   H38   CLA     1      0.090    0.090    0.000 
  136   H39   CLA     1      0.090    0.090    0.000 
  137   H40   CLA     1      0.090    0.090    0.000 

  138    MG   CLB     2      0.981    0.984    0.003 
  139   CHA   CLB     2      0.341    0.358    0.017 
  140   CHB   CLB     2     -0.482   -0.467    0.015 
  141   HHB   CLB     2      0.153    0.148   -0.005 
  142   CHC   CLB     2     -0.100   -0.182   -0.082 
  143   HHC   CLB     2      0.107    0.112    0.005 
  144   CHD   CLB     2     -0.176   -0.341   -0.165 
  145   HHD   CLB     2      0.142    0.154    0.012 
  146    NA   CLB     2     -0.498   -0.529   -0.031 
  147   C1A   CLB     2     -0.075   -0.054    0.021 
  148   C2A   CLB     2      0.138    0.146    0.008 
  149   H2A   CLB     2      0.002    0.003    0.001 
  150   C3A   CLB     2      0.048    0.047   -0.001 
  151   H3A   CLB     2      0.030    0.030    0.000 
  152   C4A   CLB     2      0.448    0.471    0.023 
  153   CMA   CLB     2     -0.421   -0.413    0.008 
  154  HMA1   CLB     2      0.116    0.114   -0.002 
  155  HMA2   CLB     2      0.116    0.114   -0.002 
  156  HMA3   CLB     2      0.116    0.114   -0.002 
  157   CAA   CLB     2      0.128    0.127   -0.001 
  158  HAA1   CLB     2     -0.024   -0.024    0.000 
  159  HAA2   CLB     2     -0.024   -0.024    0.000 
  160   CBA   CLB     2     -0.250   -0.247    0.003 
  161  HBA1   CLB     2      0.030    0.028   -0.002 
  162  HBA2   CLB     2      0.030    0.028   -0.002 
  163   CGA   CLB     2      0.783    0.783    0.000 
  164   O1A   CLB     2     -0.544   -0.544    0.000 
  165   O2A   CLB     2     -0.331   -0.331    0.000 
  166    NB   CLB     2     -0.442   -0.437    0.005 
  167   C1B   CLB     2      0.143    0.115   -0.028 
  168   C2B   CLB     2      0.260    0.236   -0.024 
  169   C3B   CLB     2     -0.071   -0.110   -0.039 
  170   C4B   CLB     2      0.094    0.158    0.064 
  171   CMB   CLB     2     -0.550   -0.548    0.002 
  172  HMB1   CLB     2      0.154    0.153   -0.001 
  173  HMB2   CLB     2      0.154    0.153   -0.001 
  174  HMB3   CLB     2      0.154    0.153   -0.001 
  175   CAB   CLB     2     -0.106   -0.098    0.008 
  176   HAB   CLB     2      0.126    0.125   -0.001 
  177   CBB   CLB     2     -0.360   -0.375   -0.015 
  178  HBB1   CLB     2      0.161    0.162    0.001 
  179  HBB2   CLB     2      0.161    0.162    0.001 
  180    NC   CLB     2     -0.342   -0.424   -0.082 
  181   C1C   CLB     2     -0.081   -0.005    0.076 
  182   C2C   CLB     2      0.315    0.329    0.014 
  183   C3C   CLB     2     -0.216   -0.231   -0.015 
  184   C4C   CLB     2      0.115    0.279    0.164 
  185   CMC   CLB     2     -0.611   -0.609    0.002 
  186  HMC1   CLB     2      0.167    0.167    0.000 
  187  HMC2   CLB     2      0.167    0.167    0.000 
  188  HMC3   CLB     2      0.167    0.167    0.000 
  189   CAC   CLB     2      0.133    0.135    0.002 
  190  HAC1   CLB     2      0.005    0.004   -0.001 
  191  HAC2   CLB     2      0.005    0.004   -0.001 
  192   CBC   CLB     2     -0.223   -0.223    0.000 
  193  HBC1   CLB     2      0.060    0.060    0.000 
  194  HBC2   CLB     2      0.060    0.060    0.000 
  195  HBC3   CLB     2      0.060    0.060    0.000 
  196    ND   CLB     2     -0.465   -0.500   -0.035 
  197   C1D   CLB     2      0.090    0.225    0.135 
  198   C2D   CLB     2      0.225    0.168   -0.057 
  199   C3D   CLB     2     -0.286   -0.291   -0.005 
  200   C4D   CLB     2      0.073    0.111    0.038 
  201   CMD   CLB     2     -0.490   -0.480    0.010 
  202  HMD1   CLB     2      0.145    0.145    0.000 
  203  HMD2   CLB     2      0.145    0.145    0.000 
  204  HMD3   CLB     2      0.145    0.145    0.000 
  205   CAD   CLB     2      0.734    0.731   -0.003 
  206   OBD   CLB     2     -0.483   -0.490   -0.007 
  207   CBD   CLB     2     -0.870   -0.917   -0.047 
  208  HBD1   CLB     2      0.235    0.245    0.010 
  209   CGD   CLB     2      0.832    0.838    0.006 
  210   O1D   CLB     2     -0.527   -0.527    0.000 
  211   O2D   CLB     2     -0.284   -0.280    0.004 
  212   CED   CLB     2     -0.212   -0.215   -0.003 
  213  HED1   CLB     2      0.126    0.127    0.001 
  214  HED2   CLB     2      0.126    0.127    0.001 
  215  HED3   CLB     2      0.126    0.127    0.001 
  216    C1   CLB     2     -0.191   -0.191    0.000 
  217    H1   CLB     2      0.182    0.182    0.000 
  218    H2   CLB     2      0.181    0.181    0.000 
  219    C2   CLB     2     -0.150   -0.150    0.000 
  220    H3   CLB     2      0.150    0.150    0.000 
  221    C3   CLB     2      0.000    0.000    0.000 
  222    C4   CLB     2     -0.270   -0.270    0.000 
  223    H5   CLB     2      0.090    0.090    0.000 
  224    H6   CLB     2      0.090    0.090    0.000 
  225    H7   CLB     2      0.090    0.090    0.000 
  226    C5   CLB     2     -0.180   -0.180    0.000 
  227    H8   CLB     2      0.090    0.090    0.000 
  228    H9   CLB     2      0.090    0.090    0.000 
  229    C6   CLB     2     -0.180   -0.180    0.000 
  230   H10   CLB     2      0.090    0.090    0.000 
  231   H11   CLB     2      0.090    0.090    0.000 
  232    C7   CLB     2     -0.180   -0.180    0.000 
  233   H12   CLB     2      0.090    0.090    0.000 
  234   H13   CLB     2      0.090    0.090    0.000 
  235    C8   CLB     2     -0.090   -0.090    0.000 
  236   H14   CLB     2      0.090    0.090    0.000 
  237    C9   CLB     2     -0.270   -0.270    0.000 
  238   H15   CLB     2      0.090    0.090    0.000 
  239   H16   CLB     2      0.090    0.090    0.000 
  240   H17   CLB     2      0.090    0.090    0.000 
  241   C10   CLB     2     -0.180   -0.180    0.000 
  242   H18   CLB     2      0.090    0.090    0.000 
  243   H19   CLB     2      0.090    0.090    0.000 
  244   C11   CLB     2     -0.180   -0.180    0.000 
  245   H20   CLB     2      0.090    0.090    0.000 
  246   H21   CLB     2      0.090    0.090    0.000 
  247   C12   CLB     2     -0.180   -0.180    0.000 
  248   H22   CLB     2      0.090    0.090    0.000 
  249   H23   CLB     2      0.090    0.090    0.000 
  250   C13   CLB     2     -0.090   -0.090    0.000 
  251   H24   CLB     2      0.090    0.090    0.000 
  252   C14   CLB     2     -0.270   -0.270    0.000 
  253   H25   CLB     2      0.090    0.090    0.000 
  254   H26   CLB     2      0.090    0.090    0.000 
  255   H27   CLB     2      0.090    0.090    0.000 
  256   C15   CLB     2     -0.180   -0.180    0.000 
  257   H28   CLB     2      0.090    0.090    0.000 
  258   H29   CLB     2      0.090    0.090    0.000 
  259   C16   CLB     2     -0.270   -0.270    0.000 
  260   H30   CLB     2      0.090    0.090    0.000 
  261   H31   CLB     2      0.090    0.090    0.000 
  262   H32   CLB     2      0.090    0.090    0.000 

  263    MG   CLC     3      0.981    0.984    0.003 
  264   CHA   CLC     3      0.341    0.358    0.017 
  265   CHB   CLC     3     -0.482   -0.467    0.015 
  266   HHB   CLC     3      0.153    0.148   -0.005 
  267   CHC   CLC     3     -0.100   -0.182   -0.082 
  268   HHC   CLC     3      0.107    0.112    0.005 
  269   CHD   CLC     3     -0.176   -0.341   -0.165 
  270   HHD   CLC     3      0.142    0.154    0.012 
  271    NA   CLC     3     -0.498   -0.529   -0.031 
  272   C1A   CLC     3     -0.075   -0.054    0.021 
  273   C2A   CLC     3      0.138    0.146    0.008 
  274   H2A   CLC     3      0.002    0.003    0.001 
  275   C3A   CLC     3      0.048    0.047   -0.001 
  276   H3A   CLC     3      0.030    0.030    0.000 
  277   C4A   CLC     3      0.448    0.471    0.023 
  278   CMA   CLC     3     -0.421   -0.413    0.008 
  279  HMA1   CLC     3      0.116    0.114   -0.002 
  280  HMA2   CLC     3      0.116    0.114   -0.002 
  281  HMA3   CLC     3      0.116    0.114   -0.002 
  282   CAA   CLC     3      0.128    0.127   -0.001 
  283  HAA1   CLC     3     -0.024   -0.024    0.000 
  284  HAA2   CLC     3     -0.024   -0.024    0.000 
  285   CBA   CLC     3     -0.250   -0.247    0.003 
  286  HBA1   CLC     3      0.030    0.028   -0.002 
  287  HBA2   CLC     3      0.030    0.028   -0.002 
  288   CGA   CLC     3      0.783    0.783    0.000 
  289   O1A   CLC     3     -0.544   -0.544    0.000 
  290   O2A   CLC     3     -0.331   -0.331    0.000 
  291    NB   CLC     3     -0.442   -0.437    0.005 
  292   C1B   CLC     3      0.143    0.115   -0.028 
  293   C2B   CLC     3      0.260    0.236   -0.024 
  294   C3B   CLC     3     -0.071   -0.110   -0.039 
  295   C4B   CLC     3      0.094    0.158    0.064 
  296   CMB   CLC     3     -0.550   -0.548    0.002 
  297  HMB1   CLC     3      0.154    0.153   -0.001 
  298  HMB2   CLC     3      0.154    0.153   -0.001 
  299  HMB3   CLC     3      0.154    0.153   -0.001 
  300   CAB   CLC     3     -0.106   -0.098    0.008 
  301   HAB   CLC     3      0.126    0.125   -0.001 
  302   CBB   CLC     3     -0.360   -0.375   -0.015 
  303  HBB1   CLC     3      0.161    0.162    0.001 
  304  HBB2   CLC     3      0.161    0.162    0.001 
  305    NC   CLC     3     -0.342   -0.424   -0.082 
  306   C1C   CLC     3     -0.081   -0.005    0.076 
  307   C2C   CLC     3      0.315    0.329    0.014 
  308   C3C   CLC     3     -0.216   -0.231   -0.015 
  309   C4C   CLC     3      0.115    0.279    0.164 
  310   CMC   CLC     3     -0.611   -0.609    0.002 
  311  HMC1   CLC     3      0.167    0.167    0.000 
  312  HMC2   CLC     3      0.167    0.167    0.000 
  313  HMC3   CLC     3      0.167    0.167    0.000 
  314   CAC   CLC     3      0.133    0.135    0.002 
  315  HAC1   CLC     3      0.005    0.004   -0.001 
  316  HAC2   CLC     3      0.005    0.004   -0.001 
  317   CBC   CLC     3     -0.223   -0.223    0.000 
  318  HBC1   CLC     3      0.060    0.060    0.000 
  319  HBC2   CLC     3      0.060    0.060    0.000 
  320  HBC3   CLC     3      0.060    0.060    0.000 
  321    ND   CLC     3     -0.465   -0.500   -0.035 
  322   C1D   CLC     3      0.090    0.225    0.135 
  323   C2D   CLC     3      0.225    0.168   -0.057 
  324   C3D   CLC     3     -0.286   -0.291   -0.005 
  325   C4D   CLC     3      0.073    0.111    0.038 
  326   CMD   CLC     3     -0.490   -0.480    0.010 
  327  HMD1   CLC     3      0.145    0.145    0.000 
  328  HMD2   CLC     3      0.145    0.145    0.000 
  329  HMD3   CLC     3      0.145    0.145    0.000 
  330   CAD   CLC     3      0.734    0.731   -0.003 
  331   OBD   CLC     3     -0.483   -0.490   -0.007 
  332   CBD   CLC     3     -0.870   -0.917   -0.047 
  333  HBD1   CLC     3      0.235    0.245    0.010 
  334   CGD   CLC     3      0.832    0.838    0.006 
  335   O1D   CLC     3     -0.527   -0.527    0.000 
  336   O2D   CLC     3     -0.284   -0.280    0.004 
  337   CED   CLC     3     -0.212   -0.215   -0.003 
  338  HED1   CLC     3      0.126    0.127    0.001 
  339  HED2   CLC     3      0.126    0.127    0.001 
  340  HED3   CLC     3      0.126    0.127    0.001 
  341    C1   CLC     3     -0.191   -0.191    0.000 
  342    H1   CLC     3      0.182    0.182    0.000 
  343    H2   CLC     3      0.181    0.181    0.000 
  344    C2   CLC     3     -0.150   -0.150    0.000 
  345    H3   CLC     3      0.150    0.150    0.000 
  346    C3   CLC     3      0.000    0.000    0.000 
  347    C4   CLC     3     -0.270   -0.270    0.000 
  348    H5   CLC     3      0.090    0.090    0.000 
  349    H6   CLC     3      0.090    0.090    0.000 
  350    H7   CLC     3      0.090    0.090    0.000 
  351    C5   CLC     3     -0.180   -0.180    0.000 
  352    H8   CLC     3      0.090    0.090    0.000 
  353    H9   CLC     3      0.090    0.090    0.000 
  354    C6   CLC     3     -0.180   -0.180    0.000 
  355   H10   CLC     3      0.090    0.090    0.000 
  356   H11   CLC     3      0.090    0.090    0.000 
  357    C7   CLC     3     -0.180   -0.180    0.000 
  358   H12   CLC     3      0.090    0.090    0.000 
  359   H13   CLC     3      0.090    0.090    0.000 
  360    C8   CLC     3     -0.090   -0.090    0.000 
  361   H14   CLC     3      0.090    0.090    0.000 
  362    C9   CLC     3     -0.270   -0.270    0.000 
  363   H15   CLC     3      0.090    0.090    0.000 
  364   H16   CLC     3      0.090    0.090    0.000 
  365   H17   CLC     3      0.090    0.090    0.000 
  366   C10   CLC     3     -0.180   -0.180    0.000 
  367   H18   CLC     3      0.090    0.090    0.000 
  368   H19   CLC     3      0.090    0.090    0.000 
  369   C11   CLC     3     -0.180   -0.180    0.000 
  370   H20   CLC     3      0.090    0.090    0.000 
  371   H21   CLC     3      0.090    0.090    0.000 
  372   C12   CLC     3     -0.180   -0.180    0.000 
  373   H22   CLC     3      0.090    0.090    0.000 
  374   H23   CLC     3      0.090    0.090    0.000 
  375   C13   CLC     3     -0.090   -0.090    0.000 
  376   H24   CLC     3      0.090    0.090    0.000 
  377   C14   CLC     3     -0.270   -0.270    0.000 
  378   H25   CLC     3      0.090    0.090    0.000 
  379   H26   CLC     3      0.090    0.090    0.000 
  380   H27   CLC     3      0.090    0.090    0.000 
  381   C15   CLC     3     -0.180   -0.180    0.000 
  382   H28   CLC     3      0.090    0.090    0.000 
  383   H29   CLC     3      0.090    0.090    0.000 
  384   C16   CLC     3     -0.270   -0.270    0.000 
  385   H30   CLC     3      0.090    0.090    0.000 
  386   H31   CLC     3      0.090    0.090    0.000 
  387   H32   CLC     3      0.090    0.090    0.000 

  388    MG   CLD     4      0.981    0.984    0.003 
  389   CHA   CLD     4      0.341    0.358    0.017 
  390   CHB   CLD     4     -0.482   -0.467    0.015 
  391   HHB   CLD     4      0.153    0.148   -0.005 
  392   CHC   CLD     4     -0.100   -0.182   -0.082 
  393   HHC   CLD     4      0.107    0.112    0.005 
  394   CHD   CLD     4     -0.176   -0.341   -0.165 
  395   HHD   CLD     4      0.142    0.154    0.012 
  396    NA   CLD     4     -0.498   -0.529   -0.031 
  397   C1A   CLD     4     -0.075   -0.054    0.021 
  398   C2A   CLD     4      0.138    0.146    0.008 
  399   H2A   CLD     4      0.002    0.003    0.001 
  400   C3A   CLD     4      0.048    0.047   -0.001 
  401   H3A   CLD     4      0.030    0.030    0.000 
  402   C4A   CLD     4      0.448    0.471    0.023 
  403   CMA   CLD     4     -0.421   -0.413    0.008 
  404  HMA1   CLD     4      0.116    0.114   -0.002 
  405  HMA2   CLD     4      0.116    0.114   -0.002 
  406  HMA3   CLD     4      0.116    0.114   -0.002 
  407   CAA   CLD     4      0.128    0.127   -0.001 
  408  HAA1   CLD     4     -0.024   -0.024    0.000 
  409  HAA2   CLD     4     -0.024   -0.024    0.000 
  410   CBA   CLD     4     -0.250   -0.247    0.003 
  411  HBA1   CLD     4      0.030    0.028   -0.002 
  412  HBA2   CLD     4      0.030    0.028   -0.002 
  413   CGA   CLD     4      0.783    0.783    0.000 
  414   O1A   CLD     4     -0.544   -0.544    0.000 
  415   O2A   CLD     4     -0.331   -0.331    0.000 
  416    NB   CLD     4     -0.442   -0.437    0.005 
  417   C1B   CLD     4      0.143    0.115   -0.028 
  418   C2B   CLD     4      0.260    0.236   -0.024 
  419   C3B   CLD     4     -0.071   -0.110   -0.039 
  420   C4B   CLD     4      0.094    0.158    0.064 
  421   CMB   CLD     4     -0.550   -0.548    0.002 
  422  HMB1   CLD     4      0.154    0.153   -0.001 
  423  HMB2   CLD     4      0.154    0.153   -0.001 
  424  HMB3   CLD     4      0.154    0.153   -0.001 
  425   CAB   CLD     4     -0.106   -0.098    0.008 
  426   HAB   CLD     4      0.126    0.125   -0.001 
  427   CBB   CLD     4     -0.360   -0.375   -0.015 
  428  HBB1   CLD     4      0.161    0.162    0.001 
  429  HBB2   CLD     4      0.161    0.162    0.001 
  430    NC   CLD     4     -0.342   -0.424   -0.082 
  431   C1C   CLD     4     -0.081   -0.005    0.076 
  432   C2C   CLD     4      0.315    0.329    0.014 
  433   C3C   CLD     4     -0.216   -0.231   -0.015 
  434   C4C   CLD     4      0.115    0.279    0.164 
  435   CMC   CLD     4     -0.611   -0.609    0.002 
  436  HMC1   CLD     4      0.167    0.167    0.000 
  437  HMC2   CLD     4      0.167    0.167    0.000 
  438  HMC3   CLD     4      0.167    0.167    0.000 
  439   CAC   CLD     4      0.133    0.135    0.002 
  440  HAC1   CLD     4      0.005    0.004   -0.001 
  441  HAC2   CLD     4      0.005    0.004   -0.001 
  442   CBC   CLD     4     -0.223   -0.223    0.000 
  443  HBC1   CLD     4      0.060    0.060    0.000 
  444  HBC2   CLD     4      0.060    0.060    0.000 
  445  HBC3   CLD     4      0.060    0.060    0.000 
  446    ND   CLD     4     -0.465   -0.500   -0.035 
  447   C1D   CLD     4      0.090    0.225    0.135 
  448   C2D   CLD     4      0.225    0.168   -0.057 
  449   C3D   CLD     4     -0.286   -0.291   -0.005 
  450   C4D   CLD     4      0.073    0.111    0.038 
  451   CMD   CLD     4     -0.490   -0.480    0.010 
  452  HMD1   CLD     4      0.145    0.145    0.000 
  453  HMD2   CLD     4      0.145    0.145    0.000 
  454  HMD3   CLD     4      0.145    0.145    0.000 
  455   CAD   CLD     4      0.734    0.731   -0.003 
  456   OBD   CLD     4     -0.483   -0.490   -0.007 
  457   CBD   CLD     4     -0.870   -0.917   -0.047 
  458  HBD1   CLD     4      0.235    0.245    0.010 
  459   CGD   CLD     4      0.832    0.838    0.006 
  460   O1D   CLD     4     -0.527   -0.527    0.000 
  461   O2D   CLD     4     -0.284   -0.280    0.004 
  462   CED   CLD     4     -0.212   -0.215   -0.003 
  463  HED1   CLD     4      0.126    0.127    0.001 
  464  HED2   CLD     4      0.126    0.127    0.001 
  465  HED3   CLD     4      0.126    0.127    0.001 
  466    C1   CLD     4     -0.191   -0.191    0.000 
  467    H1   CLD     4      0.182    0.182    0.000 
  468    H2   CLD     4      0.181    0.181    0.000 
  469    C2   CLD     4     -0.150   -0.150    0.000 
  470    H3   CLD     4      0.150    0.150    0.000 
  471    C3   CLD     4      0.000    0.000    0.000 
  472    C4   CLD     4     -0.270   -0.270    0.000 
  473    H5   CLD     4      0.090    0.090    0.000 
  474    H6   CLD     4      0.090    0.090    0.000 
  475    H7   CLD     4      0.090    0.090    0.000 
  476    C5   CLD     4     -0.270   -0.270    0.000 
  477    H8   CLD     4      0.090    0.090    0.000 
  478    H9   CLD     4      0.090    0.090    0.000 
  479   H10   CLD     4      0.090    0.090    0.000 
  480    MG   CLE     5      0.981    0.984    0.003 
  481   CHA   CLE     5      0.341    0.358    0.017 
  482   CHB   CLE     5     -0.482   -0.467    0.015 
  483   HHB   CLE     5      0.153    0.148   -0.005 
  484   CHC   CLE     5     -0.100   -0.182   -0.082 
  485   HHC   CLE     5      0.107    0.112    0.005 
  486   CHD   CLE     5     -0.176   -0.341   -0.165 
  487   HHD   CLE     5      0.142    0.154    0.012 
  488    NA   CLE     5     -0.498   -0.529   -0.031 
  489   C1A   CLE     5     -0.075   -0.054    0.021 
  490   C2A   CLE     5      0.138    0.146    0.008 
  491   H2A   CLE     5      0.002    0.003    0.001 
  492   C3A   CLE     5      0.048    0.047   -0.001 
  493   H3A   CLE     5      0.030    0.030    0.000 
  494   C4A   CLE     5      0.448    0.471    0.023 
  495   CMA   CLE     5     -0.421   -0.413    0.008 
  496  HMA1   CLE     5      0.116    0.114   -0.002 
  497  HMA2   CLE     5      0.116    0.114   -0.002 
  498  HMA3   CLE     5      0.116    0.114   -0.002 
  499   CAA   CLE     5      0.128    0.127   -0.001 
  500  HAA1   CLE     5     -0.024   -0.024    0.000 
  501  HAA2   CLE     5     -0.024   -0.024    0.000 
  502   CBA   CLE     5     -0.250   -0.247    0.003 
  503  HBA1   CLE     5      0.030    0.028   -0.002 
  504  HBA2   CLE     5      0.030    0.028   -0.002 
  505   CGA   CLE     5      0.783    0.783    0.000 
  506   O1A   CLE     5     -0.544   -0.544    0.000 
  507   O2A   CLE     5     -0.331   -0.331    0.000 
  508    NB   CLE     5     -0.442   -0.437    0.005 
  509   C1B   CLE     5      0.143    0.115   -0.028 
  510   C2B   CLE     5      0.260    0.236   -0.024 
  511   C3B   CLE     5     -0.071   -0.110   -0.039 
  512   C4B   CLE     5      0.094    0.158    0.064 
  513   CMB   CLE     5     -0.550   -0.548    0.002 
  514  HMB1   CLE     5      0.154    0.153   -0.001 
  515  HMB2   CLE     5      0.154    0.153   -0.001 
  516  HMB3   CLE     5      0.154    0.153   -0.001 
  517   CAB   CLE     5     -0.106   -0.098    0.008 
  518   HAB   CLE     5      0.126    0.125   -0.001 
  519   CBB   CLE     5     -0.360   -0.375   -0.015 
  520  HBB1   CLE     5      0.161    0.162    0.001 
  521  HBB2   CLE     5      0.161    0.162    0.001 
  522    NC   CLE     5     -0.342   -0.424   -0.082 
  523   C1C   CLE     5     -0.081   -0.005    0.076 
  524   C2C   CLE     5      0.315    0.329    0.014 
  525   C3C   CLE     5     -0.216   -0.231   -0.015 
  526   C4C   CLE     5      0.115    0.279    0.164 
  527   CMC   CLE     5     -0.611   -0.609    0.002 
  528  HMC1   CLE     5      0.167    0.167    0.000 
  529  HMC2   CLE     5      0.167    0.167    0.000 
  530  HMC3   CLE     5      0.167    0.167    0.000 
  531   CAC   CLE     5      0.133    0.135    0.002 
  532  HAC1   CLE     5      0.005    0.004   -0.001 
  533  HAC2   CLE     5      0.005    0.004   -0.001 
  534   CBC   CLE     5     -0.223   -0.223    0.000 
  535  HBC1   CLE     5      0.060    0.060    0.000 
  536  HBC2   CLE     5      0.060    0.060    0.000 
  537  HBC3   CLE     5      0.060    0.060    0.000 
  538    ND   CLE     5     -0.465   -0.500   -0.035 
  539   C1D   CLE     5      0.090    0.225    0.135 
  540   C2D   CLE     5      0.225    0.168   -0.057 
  541   C3D   CLE     5     -0.286   -0.291   -0.005 
  542   C4D   CLE     5      0.073    0.111    0.038 
  543   CMD   CLE     5     -0.490   -0.480    0.010 
  544  HMD1   CLE     5      0.145    0.145    0.000 
  545  HMD2   CLE     5      0.145    0.145    0.000 
  546  HMD3   CLE     5      0.145    0.145    0.000 
  547   CAD   CLE     5      0.734    0.731   -0.003 
  548   OBD   CLE     5     -0.483   -0.490   -0.007 
  549   CBD   CLE     5     -0.870   -0.917   -0.047 
  550  HBD1   CLE     5      0.235    0.245    0.010 
  551   CGD   CLE     5      0.832    0.838    0.006 
  552   O1D   CLE     5     -0.527   -0.527    0.000 
  553   O2D   CLE     5     -0.284   -0.280    0.004 
  554   CED   CLE     5     -0.212   -0.215   -0.003 
  555  HED1   CLE     5      0.126    0.127    0.001 
  556  HED2   CLE     5      0.126    0.127    0.001 
  557  HED3   CLE     5      0.126    0.127    0.001 
  558    C1   CLE     5     -0.191   -0.191    0.000 
  559    H1   CLE     5      0.182    0.182    0.000 
  560    H2   CLE     5      0.181    0.181    0.000 
  561    C2   CLE     5     -0.150   -0.150    0.000 
  562    H3   CLE     5      0.150    0.150    0.000 
  563    C3   CLE     5      0.000    0.000    0.000 
  564    C4   CLE     5     -0.270   -0.270    0.000 
  565    H5   CLE     5      0.090    0.090    0.000 
  566    H6   CLE     5      0.090    0.090    0.000 
  567    H7   CLE     5      0.090    0.090    0.000 
  568    C5   CLE     5     -0.180   -0.180    0.000 
  569    H8   CLE     5      0.090    0.090    0.000 
  570    H9   CLE     5      0.090    0.090    0.000 
  571    C6   CLE     5     -0.180   -0.180    0.000 
  572   H10   CLE     5      0.090    0.090    0.000 
  573   H11   CLE     5      0.090    0.090    0.000 
  574    C7   CLE     5     -0.180   -0.180    0.000 
  575   H12   CLE     5      0.090    0.090    0.000 
  576   H13   CLE     5      0.090    0.090    0.000 
  577    C8   CLE     5     -0.090   -0.090    0.000 
  578   H14   CLE     5      0.090    0.090    0.000 
  579    C9   CLE     5     -0.270   -0.270    0.000 
  580   H15   CLE     5      0.090    0.090    0.000 
  581   H16   CLE     5      0.090    0.090    0.000 
  582   H17   CLE     5      0.090    0.090    0.000 
  583   C10   CLE     5     -0.180   -0.180    0.000 
  584   H18   CLE     5      0.090    0.090    0.000 
  585   H19   CLE     5      0.090    0.090    0.000 
  586   C11   CLE     5     -0.270   -0.270    0.000 
  587   H20   CLE     5      0.090    0.090    0.000 
  588   H21   CLE     5      0.090    0.090    0.000 
  589   H22   CLE     5      0.090    0.090    0.000 
  590    MG   CLF     6      0.981    0.984    0.003 
  591   CHA   CLF     6      0.341    0.358    0.017 
  592   CHB   CLF     6     -0.482   -0.467    0.015 
  593   HHB   CLF     6      0.153    0.148   -0.005 
  594   CHC   CLF     6     -0.100   -0.182   -0.082 
  595   HHC   CLF     6      0.107    0.112    0.005 
  596   CHD   CLF     6     -0.176   -0.341   -0.165 
  597   HHD   CLF     6      0.142    0.154    0.012 
  598    NA   CLF     6     -0.498   -0.529   -0.031 
  599   C1A   CLF     6     -0.075   -0.054    0.021 
  600   C2A   CLF     6      0.138    0.146    0.008 
  601   H2A   CLF     6      0.002    0.003    0.001 
  602   C3A   CLF     6      0.048    0.047   -0.001 
  603   H3A   CLF     6      0.030    0.030    0.000 
  604   C4A   CLF     6      0.448    0.471    0.023 
  605   CMA   CLF     6     -0.421   -0.413    0.008 
  606  HMA1   CLF     6      0.116    0.114   -0.002 
  607  HMA2   CLF     6      0.116    0.114   -0.002 
  608  HMA3   CLF     6      0.116    0.114   -0.002 
  609   CAA   CLF     6      0.128    0.127   -0.001 
  610  HAA1   CLF     6     -0.024   -0.024    0.000 
  611  HAA2   CLF     6     -0.024   -0.024    0.000 
  612   CBA   CLF     6     -0.250   -0.247    0.003 
  613  HBA1   CLF     6      0.030    0.028   -0.002 
  614  HBA2   CLF     6      0.030    0.028   -0.002 
  615   CGA   CLF     6      0.783    0.783    0.000 
  616   O1A   CLF     6     -0.352   -0.352    0.000 
  617   O2A   CLF     6     -0.351   -0.351    0.000 
  618    NB   CLF     6     -0.442   -0.437    0.005 
  619   C1B   CLF     6      0.143    0.115   -0.028 
  620   C2B   CLF     6      0.260    0.236   -0.024 
  621   C3B   CLF     6     -0.071   -0.110   -0.039 
  622   C4B   CLF     6      0.094    0.158    0.064 
  623   CMB   CLF     6     -0.550   -0.548    0.002 
  624  HMB1   CLF     6      0.154    0.153   -0.001 
  625  HMB2   CLF     6      0.154    0.153   -0.001 
  626  HMB3   CLF     6      0.154    0.153   -0.001 
  627   CAB   CLF     6     -0.106   -0.098    0.008 
  628   HAB   CLF     6      0.126    0.125   -0.001 
  629   CBB   CLF     6     -0.360   -0.375   -0.015 
  630  HBB1   CLF     6      0.161    0.162    0.001 
  631  HBB2   CLF     6      0.161    0.162    0.001 
  632    NC   CLF     6     -0.342   -0.424   -0.082 
  633   C1C   CLF     6     -0.081   -0.005    0.076 
  634   C2C   CLF     6      0.315    0.329    0.014 
  635   C3C   CLF     6     -0.216   -0.231   -0.015 
  636   C4C   CLF     6      0.115    0.279    0.164 
  637   CMC   CLF     6     -0.611   -0.609    0.002 
  638  HMC1   CLF     6      0.167    0.167    0.000 
  639  HMC2   CLF     6      0.167    0.167    0.000 
  640  HMC3   CLF     6      0.167    0.167    0.000 
  641   CAC   CLF     6      0.133    0.135    0.002 
  642  HAC1   CLF     6      0.005    0.004   -0.001 
  643  HAC2   CLF     6      0.005    0.004   -0.001 
  644   CBC   CLF     6     -0.223   -0.223    0.000 
  645  HBC1   CLF     6      0.060    0.060    0.000 
  646  HBC2   CLF     6      0.060    0.060    0.000 
  647  HBC3   CLF     6      0.060    0.060    0.000 
  648    ND   CLF     6     -0.465   -0.500   -0.035 
  649   C1D   CLF     6      0.090    0.225    0.135 
  650   C2D   CLF     6      0.225    0.168   -0.057 
  651   C3D   CLF     6     -0.286   -0.291   -0.005 
  652   C4D   CLF     6      0.073    0.111    0.038 
  653   CMD   CLF     6     -0.490   -0.480    0.010 
  654  HMD1   CLF     6      0.145    0.145    0.000 
  655  HMD2   CLF     6      0.145    0.145    0.000 
  656  HMD3   CLF     6      0.145    0.145    0.000 
  657   CAD   CLF     6      0.734    0.731   -0.003 
  658   OBD   CLF     6     -0.483   -0.490   -0.007 
  659   CBD   CLF     6     -0.870   -0.917   -0.047 
  660  HBD1   CLF     6      0.235    0.245    0.010 
  661   CGD   CLF     6      0.832    0.838    0.006 
  662   O1D   CLF     6     -0.527   -0.527    0.000 
  663   O2D   CLF     6     -0.284   -0.280    0.004 
  664   CED   CLF     6     -0.212   -0.215   -0.003 
  665  HED1   CLF     6      0.126    0.127    0.001 
  666  HED2   CLF     6      0.126    0.127    0.001 
  667  HED3   CLF     6      0.126    0.127    0.001 
  668    MG   CLG     7      0.981    0.984    0.003 
  669   CHA   CLG     7      0.341    0.358    0.017 
  670   CHB   CLG     7     -0.482   -0.467    0.015 
  671   HHB   CLG     7      0.153    0.148   -0.005 
  672   CHC   CLG     7     -0.100   -0.182   -0.082 
  673   HHC   CLG     7      0.107    0.112    0.005 
  674   CHD   CLG     7     -0.176   -0.341   -0.165 
  675   HHD   CLG     7      0.142    0.154    0.012 
  676    NA   CLG     7     -0.498   -0.529   -0.031 
  677   C1A   CLG     7     -0.075   -0.054    0.021 
  678   C2A   CLG     7      0.138    0.146    0.008 
  679   H2A   CLG     7      0.002    0.003    0.001 
  680   C3A   CLG     7      0.048    0.047   -0.001 
  681   H3A   CLG     7      0.030    0.030    0.000 
  682   C4A   CLG     7      0.448    0.471    0.023 
  683   CMA   CLG     7     -0.421   -0.413    0.008 
  684  HMA1   CLG     7      0.116    0.114   -0.002 
  685  HMA2   CLG     7      0.116    0.114   -0.002 
  686  HMA3   CLG     7      0.116    0.114   -0.002 
  687   CAA   CLG     7      0.128    0.127   -0.001 
  688  HAA1   CLG     7     -0.024   -0.024    0.000 
  689  HAA2   CLG     7     -0.024   -0.024    0.000 
  690   CBA   CLG     7     -0.250   -0.247    0.003 
  691  HBA1   CLG     7      0.030    0.028   -0.002 
  692  HBA2   CLG     7      0.030    0.028   -0.002 
  693   CGA   CLG     7      0.783    0.783    0.000 
  694   O1A   CLG     7     -0.544   -0.544    0.000 
  695   O2A   CLG     7     -0.331   -0.331    0.000 
  696    NB   CLG     7     -0.442   -0.437    0.005 
  697   C1B   CLG     7      0.143    0.115   -0.028 
  698   C2B   CLG     7      0.260    0.236   -0.024 
  699   C3B   CLG     7     -0.071   -0.110   -0.039 
  700   C4B   CLG     7      0.094    0.158    0.064 
  701   CMB   CLG     7     -0.550   -0.548    0.002 
  702  HMB1   CLG     7      0.154    0.153   -0.001 
  703  HMB2   CLG     7      0.154    0.153   -0.001 
  704  HMB3   CLG     7      0.154    0.153   -0.001 
  705   CAB   CLG     7     -0.106   -0.098    0.008 
  706   HAB   CLG     7      0.126    0.125   -0.001 
  707   CBB   CLG     7     -0.360   -0.375   -0.015 
  708  HBB1   CLG     7      0.161    0.162    0.001 
  709  HBB2   CLG     7      0.161    0.162    0.001 
  710    NC   CLG     7     -0.342   -0.424   -0.082 
  711   C1C   CLG     7     -0.081   -0.005    0.076 
  712   C2C   CLG     7      0.315    0.329    0.014 
  713   C3C   CLG     7     -0.216   -0.231   -0.015 
  714   C4C   CLG     7      0.115    0.279    0.164 
  715   CMC   CLG     7     -0.611   -0.609    0.002 
  716  HMC1   CLG     7      0.167    0.167    0.000 
  717  HMC2   CLG     7      0.167    0.167    0.000 
  718  HMC3   CLG     7      0.167    0.167    0.000 
  719   CAC   CLG     7      0.133    0.135    0.002 
  720  HAC1   CLG     7      0.005    0.004   -0.001 
  721  HAC2   CLG     7      0.005    0.004   -0.001 
  722   CBC   CLG     7     -0.223   -0.223    0.000 
  723  HBC1   CLG     7      0.060    0.060    0.000 
  724  HBC2   CLG     7      0.060    0.060    0.000 
  725  HBC3   CLG     7      0.060    0.060    0.000 
  726    ND   CLG     7     -0.465   -0.500   -0.035 
  727   C1D   CLG     7      0.090    0.225    0.135 
  728   C2D   CLG     7      0.225    0.168   -0.057 
  729   C3D   CLG     7     -0.286   -0.291   -0.005 
  730   C4D   CLG     7      0.073    0.111    0.038 
  731   CMD   CLG     7     -0.490   -0.480    0.010 
  732  HMD1   CLG     7      0.145    0.145    0.000 
  733  HMD2   CLG     7      0.145    0.145    0.000 
  734  HMD3   CLG     7      0.145    0.145    0.000 
  735   CAD   CLG     7      0.734    0.731   -0.003 
  736   OBD   CLG     7     -0.483   -0.490   -0.007 
  737   CBD   CLG     7     -0.870   -0.917   -0.047 
  738  HBD1   CLG     7      0.235    0.245    0.010 
  739   CGD   CLG     7      0.832    0.838    0.006 
  740   O1D   CLG     7     -0.527   -0.527    0.000 
  741   O2D   CLG     7     -0.284   -0.280    0.004 
  742   CED   CLG     7     -0.212   -0.215   -0.003 
  743  HED1   CLG     7      0.126    0.127    0.001 
  744  HED2   CLG     7      0.126    0.127    0.001 
  745  HED3   CLG     7      0.126    0.127    0.001 
  746    C1   CLG     7     -0.191   -0.191    0.000 
  747    H1   CLG     7      0.182    0.182    0.000 
  748    H2   CLG     7      0.181    0.181    0.000 
  749    C2   CLG     7     -0.150   -0.150    0.000 
  750    H3   CLG     7      0.150    0.150    0.000 
  751    C3   CLG     7      0.000    0.000    0.000 
  752    C4   CLG     7     -0.270   -0.270    0.000 
  753    H5   CLG     7      0.090    0.090    0.000 
  754    H6   CLG     7      0.090    0.090    0.000 
  755    H7   CLG     7      0.090    0.090    0.000 
  756    C5   CLG     7     -0.180   -0.180    0.000 
  757    H8   CLG     7      0.090    0.090    0.000 
  758    H9   CLG     7      0.090    0.090    0.000 
  759    C6   CLG     7     -0.180   -0.180    0.000 
  760   H10   CLG     7      0.090    0.090    0.000 
  761   H11   CLG     7      0.090    0.090    0.000 
  762    C7   CLG     7     -0.180   -0.180    0.000 
  763   H12   CLG     7      0.090    0.090    0.000 
  764   H13   CLG     7      0.090    0.090    0.000 
  765    C8   CLG     7     -0.090   -0.090    0.000 
  766   H14   CLG     7      0.090    0.090    0.000 
  767    C9   CLG     7     -0.270   -0.270    0.000 
  768   H15   CLG     7      0.090    0.090    0.000 
  769   H16   CLG     7      0.090    0.090    0.000 
  770   H17   CLG     7      0.090    0.090    0.000 
  771   C10   CLG     7     -0.180   -0.180    0.000 
  772   H18   CLG     7      0.090    0.090    0.000 
  773   H19   CLG     7      0.090    0.090    0.000 
  774   C11   CLG     7     -0.180   -0.180    0.000 
  775   H20   CLG     7      0.090    0.090    0.000 
  776   H21   CLG     7      0.090    0.090    0.000 
  777   C12   CLG     7     -0.180   -0.180    0.000 
  778   H22   CLG     7      0.090    0.090    0.000 
  779   H23   CLG     7      0.090    0.090    0.000 
  780   C13   CLG     7     -0.090   -0.090    0.000 
  781   H24   CLG     7      0.090    0.090    0.000 
  782   C14   CLG     7     -0.270   -0.270    0.000 
  783   H25   CLG     7      0.090    0.090    0.000 
  784   H26   CLG     7      0.090    0.090    0.000 
  785   H27   CLG     7      0.090    0.090    0.000 
  786   C15   CLG     7     -0.270   -0.270    0.000 
  787   H28   CLG     7      0.090    0.090    0.000 
  788   H29   CLG     7      0.090    0.090    0.000 
  789   H30   CLG     7      0.090    0.090    0.000 
  790    MG   CLH     8      0.981    0.984    0.003 
  791   CHA   CLH     8      0.341    0.358    0.017 
  792   CHB   CLH     8     -0.482   -0.467    0.015 
  793   HHB   CLH     8      0.153    0.148   -0.005 
  794   CHC   CLH     8     -0.100   -0.182   -0.082 
  795   HHC   CLH     8      0.107    0.112    0.005 
  796   CHD   CLH     8     -0.176   -0.341   -0.165 
  797   HHD   CLH     8      0.142    0.154    0.012 
  798    NA   CLH     8     -0.498   -0.529   -0.031 
  799   C1A   CLH     8     -0.075   -0.054    0.021 
  800   C2A   CLH     8      0.138    0.146    0.008 
  801   H2A   CLH     8      0.002    0.003    0.001 
  802   C3A   CLH     8      0.048    0.047   -0.001 
  803   H3A   CLH     8      0.030    0.030    0.000 
  804   C4A   CLH     8      0.448    0.471    0.023 
  805   CMA   CLH     8     -0.421   -0.413    0.008 
  806  HMA1   CLH     8      0.116    0.114   -0.002 
  807  HMA2   CLH     8      0.116    0.114   -0.002 
  808  HMA3   CLH     8      0.116    0.114   -0.002 
  809   CAA   CLH     8      0.128    0.127   -0.001 
  810  HAA1   CLH     8     -0.024   -0.024    0.000 
  811  HAA2   CLH     8     -0.024   -0.024    0.000 
  812   CBA   CLH     8     -0.250   -0.247    0.003 
  813  HBA1   CLH     8      0.030    0.028   -0.002 
  814  HBA2   CLH     8      0.030    0.028   -0.002 
  815   CGA   CLH     8      0.783    0.783    0.000 
  816   O1A   CLH     8     -0.544   -0.544    0.000 
  817   O2A   CLH     8     -0.331   -0.331    0.000 
  818    NB   CLH     8     -0.442   -0.437    0.005 
  819   C1B   CLH     8      0.143    0.115   -0.028 
  820   C2B   CLH     8      0.260    0.236   -0.024 
  821   C3B   CLH     8     -0.071   -0.110   -0.039 
  822   C4B   CLH     8      0.094    0.158    0.064 
  823   CMB   CLH     8     -0.550   -0.548    0.002 
  824  HMB1   CLH     8      0.154    0.153   -0.001 
  825  HMB2   CLH     8      0.154    0.153   -0.001 
  826  HMB3   CLH     8      0.154    0.153   -0.001 
  827   CAB   CLH     8     -0.106   -0.098    0.008 
  828   HAB   CLH     8      0.126    0.125   -0.001 
  829   CBB   CLH     8     -0.360   -0.375   -0.015 
  830  HBB1   CLH     8      0.161    0.162    0.001 
  831  HBB2   CLH     8      0.161    0.162    0.001 
  832    NC   CLH     8     -0.342   -0.424   -0.082 
  833   C1C   CLH     8     -0.081   -0.005    0.076 
  834   C2C   CLH     8      0.315    0.329    0.014 
  835   C3C   CLH     8     -0.216   -0.231   -0.015 
  836   C4C   CLH     8      0.115    0.279    0.164 
  837   CMC   CLH     8     -0.611   -0.609    0.002 
  838  HMC1   CLH     8      0.167    0.167    0.000 
  839  HMC2   CLH     8      0.167    0.167    0.000 
  840  HMC3   CLH     8      0.167    0.167    0.000 
  841   CAC   CLH     8      0.133    0.135    0.002 
  842  HAC1   CLH     8      0.005    0.004   -0.001 
  843  HAC2   CLH     8      0.005    0.004   -0.001 
  844   CBC   CLH     8     -0.223   -0.223    0.000 
  845  HBC1   CLH     8      0.060    0.060    0.000 
  846  HBC2   CLH     8      0.060    0.060    0.000 
  847  HBC3   CLH     8      0.060    0.060    0.000 
  848    ND   CLH     8     -0.465   -0.500   -0.035 
  849   C1D   CLH     8      0.090    0.225    0.135 
  850   C2D   CLH     8      0.225    0.168   -0.057 
  851   C3D   CLH     8     -0.286   -0.291   -0.005 
  852   C4D   CLH     8      0.073    0.111    0.038 
  853   CMD   CLH     8     -0.490   -0.480    0.010 
  854  HMD1   CLH     8      0.145    0.145    0.000 
  855  HMD2   CLH     8      0.145    0.145    0.000 
  856  HMD3   CLH     8      0.145    0.145    0.000 
  857   CAD   CLH     8      0.734    0.731   -0.003 
  858   OBD   CLH     8     -0.483   -0.490   -0.007 
  859   CBD   CLH     8     -0.870   -0.917   -0.047 
  860  HBD1   CLH     8      0.235    0.245    0.010 
  861   CGD   CLH     8      0.832    0.838    0.006 
  862   O1D   CLH     8     -0.527   -0.527    0.000 
  863   O2D   CLH     8     -0.284   -0.280    0.004 
  864   CED   CLH     8     -0.212   -0.215   -0.003 
  865  HED1   CLH     8      0.126    0.127    0.001 
  866  HED2   CLH     8      0.126    0.127    0.001 
  867  HED3   CLH     8      0.126    0.127    0.001 
  868    C1   CLH     8     -0.191   -0.191    0.000 
  869    H1   CLH     8      0.182    0.182    0.000 
  870    H2   CLH     8      0.181    0.181    0.000 
  871    C2   CLH     8     -0.150   -0.150    0.000 
  872    H3   CLH     8      0.150    0.150    0.000 
  873    C3   CLH     8      0.000    0.000    0.000 
  874    C4   CLH     8     -0.270   -0.270    0.000 
  875    H5   CLH     8      0.090    0.090    0.000 
  876    H6   CLH     8      0.090    0.090    0.000 
  877    H7   CLH     8      0.090    0.090    0.000 
  878    C5   CLH     8     -0.180   -0.180    0.000 
  879    H8   CLH     8      0.090    0.090    0.000 
  880    H9   CLH     8      0.090    0.090    0.000 
  881    C6   CLH     8     -0.180   -0.180    0.000 
  882   H10   CLH     8      0.090    0.090    0.000 
  883   H11   CLH     8      0.090    0.090    0.000 
  884    C7   CLH     8     -0.180   -0.180    0.000 
  885   H12   CLH     8      0.090    0.090    0.000 
  886   H13   CLH     8      0.090    0.090    0.000 
  887    C8   CLH     8     -0.090   -0.090    0.000 
  888   H14   CLH     8      0.090    0.090    0.000 
  889    C9   CLH     8     -0.270   -0.270    0.000 
  890   H15   CLH     8      0.090    0.090    0.000 
  891   H16   CLH     8      0.090    0.090    0.000 
  892   H17   CLH     8      0.090    0.090    0.000 
  893   C10   CLH     8     -0.180   -0.180    0.000 
  894   H18   CLH     8      0.090    0.090    0.000 
  895   H19   CLH     8      0.090    0.090    0.000 
  896   C11   CLH     8     -0.180   -0.180    0.000 
  897   H20   CLH     8      0.090    0.090    0.000 
  898   H21   CLH     8      0.090    0.090    0.000 
  899   C12   CLH     8     -0.180   -0.180    0.000 
  900   H22   CLH     8      0.090    0.090    0.000 
  901   H23   CLH     8      0.090    0.090    0.000 
  902   C13   CLH     8     -0.270   -0.270    0.000 
  903   H24   CLH     8      0.090    0.090    0.000 
  904   H25   CLH     8      0.090    0.090    0.000 
  905   H26   CLH     8      0.090    0.090    0.000 
  906    MG   CLI     9      0.981    0.984    0.003 
  907   CHA   CLI     9      0.341    0.358    0.017 
  908   CHB   CLI     9     -0.482   -0.467    0.015 
  909   HHB   CLI     9      0.153    0.148   -0.005 
  910   CHC   CLI     9     -0.100   -0.182   -0.082 
  911   HHC   CLI     9      0.107    0.112    0.005 
  912   CHD   CLI     9     -0.176   -0.341   -0.165 
  913   HHD   CLI     9      0.142    0.154    0.012 
  914    NA   CLI     9     -0.498   -0.529   -0.031 
  915   C1A   CLI     9     -0.075   -0.054    0.021 
  916   C2A   CLI     9      0.138    0.146    0.008 
  917   H2A   CLI     9      0.002    0.003    0.001 
  918   C3A   CLI     9      0.048    0.047   -0.001 
  919   H3A   CLI     9      0.030    0.030    0.000 
  920   C4A   CLI     9      0.448    0.471    0.023 
  921   CMA   CLI     9     -0.421   -0.413    0.008 
  922  HMA1   CLI     9      0.116    0.114   -0.002 
  923  HMA2   CLI     9      0.116    0.114   -0.002 
  924  HMA3   CLI     9      0.116    0.114   -0.002 
  925   CAA   CLI     9      0.128    0.127   -0.001 
  926  HAA1   CLI     9     -0.024   -0.024    0.000 
  927  HAA2   CLI     9     -0.024   -0.024    0.000 
  928   CBA   CLI     9     -0.250   -0.247    0.003 
  929  HBA1   CLI     9      0.030    0.028   -0.002 
  930  HBA2   CLI     9      0.030    0.028   -0.002 
  931   CGA   CLI     9      0.783    0.783    0.000 
  932   O1A   CLI     9     -0.544   -0.544    0.000 
  933   O2A   CLI     9     -0.331   -0.331    0.000 
  934    NB   CLI     9     -0.442   -0.437    0.005 
  935   C1B   CLI     9      0.143    0.115   -0.028 
  936   C2B   CLI     9      0.260    0.236   -0.024 
  937   C3B   CLI     9     -0.071   -0.110   -0.039 
  938   C4B   CLI     9      0.094    0.158    0.064 
  939   CMB   CLI     9     -0.550   -0.548    0.002 
  940  HMB1   CLI     9      0.154    0.153   -0.001 
  941  HMB2   CLI     9      0.154    0.153   -0.001 
  942  HMB3   CLI     9      0.154    0.153   -0.001 
  943   CAB   CLI     9     -0.106   -0.098    0.008 
  944   HAB   CLI     9      0.126    0.125   -0.001 
  945   CBB   CLI     9     -0.360   -0.375   -0.015 
  946  HBB1   CLI     9      0.161    0.162    0.001 
  947  HBB2   CLI     9      0.161    0.162    0.001 
  948    NC   CLI     9     -0.342   -0.424   -0.082 
  949   C1C   CLI     9     -0.081   -0.005    0.076 
  950   C2C   CLI     9      0.315    0.329    0.014 
  951   C3C   CLI     9     -0.216   -0.231   -0.015 
  952   C4C   CLI     9      0.115    0.279    0.164 
  953   CMC   CLI     9     -0.611   -0.609    0.002 
  954  HMC1   CLI     9      0.167    0.167    0.000 
  955  HMC2   CLI     9      0.167    0.167    0.000 
  956  HMC3   CLI     9      0.167    0.167    0.000 
  957   CAC   CLI     9      0.133    0.135    0.002 
  958  HAC1   CLI     9      0.005    0.004   -0.001 
  959  HAC2   CLI     9      0.005    0.004   -0.001 
  960   CBC   CLI     9     -0.223   -0.223    0.000 
  961  HBC1   CLI     9      0.060    0.060    0.000 
  962  HBC2   CLI     9      0.060    0.060    0.000 
  963  HBC3   CLI     9      0.060    0.060    0.000 
  964    ND   CLI     9     -0.465   -0.500   -0.035 
  965   C1D   CLI     9      0.090    0.225    0.135 
  966   C2D   CLI     9      0.225    0.168   -0.057 
  967   C3D   CLI     9     -0.286   -0.291   -0.005 
  968   C4D   CLI     9      0.073    0.111    0.038 
  969   CMD   CLI     9     -0.490   -0.480    0.010 
  970  HMD1   CLI     9      0.145    0.145    0.000 
  971  HMD2   CLI     9      0.145    0.145    0.000 
  972  HMD3   CLI     9      0.145    0.145    0.000 
  973   CAD   CLI     9      0.734    0.731   -0.003 
  974   OBD   CLI     9     -0.483   -0.490   -0.007 
  975   CBD   CLI     9     -0.870   -0.917   -0.047 
  976  HBD1   CLI     9      0.235    0.245    0.010 
  977   CGD   CLI     9      0.832    0.838    0.006 
  978   O1D   CLI     9     -0.527   -0.527    0.000 
  979   O2D   CLI     9     -0.284   -0.280    0.004 
  980   CED   CLI     9     -0.212   -0.215   -0.003 
  981  HED1   CLI     9      0.126    0.127    0.001 
  982  HED2   CLI     9      0.126    0.127    0.001 
  983  HED3   CLI     9      0.126    0.127    0.001 
  984    C1   CLI     9     -0.191   -0.191    0.000 
  985    H1   CLI     9      0.182    0.182    0.000 
  986    H2   CLI     9      0.181    0.181    0.000 
  987    C2   CLI     9     -0.150   -0.150    0.000 
  988    H3   CLI     9      0.150    0.150    0.000 
  989    C3   CLI     9     -0.420   -0.420    0.000 
  990    H4   CLI     9      0.210    0.210    0.000 
  991    H5   CLI     9      0.210    0.210    0.000 
  992    MG   CLI    10      0.981    0.984    0.003 
  993   CHA   CLI    10      0.341    0.358    0.017 
  994   CHB   CLI    10     -0.482   -0.467    0.015 
  995   HHB   CLI    10      0.153    0.148   -0.005 
  996   CHC   CLI    10     -0.100   -0.182   -0.082 
  997   HHC   CLI    10      0.107    0.112    0.005 
  998   CHD   CLI    10     -0.176   -0.341   -0.165 
  999   HHD   CLI    10      0.142    0.154    0.012 
 1000    NA   CLI    10     -0.498   -0.529   -0.031 
 1001   C1A   CLI    10     -0.075   -0.054    0.021 
 1002   C2A   CLI    10      0.138    0.146    0.008 
 1003   H2A   CLI    10      0.002    0.003    0.001 
 1004   C3A   CLI    10      0.048    0.047   -0.001 
 1005   H3A   CLI    10      0.030    0.030    0.000 
 1006   C4A   CLI    10      0.448    0.471    0.023 
 1007   CMA   CLI    10     -0.421   -0.413    0.008 
 1008  HMA1   CLI    10      0.116    0.114   -0.002 
 1009  HMA2   CLI    10      0.116    0.114   -0.002 
 1010  HMA3   CLI    10      0.116    0.114   -0.002 
 1011   CAA   CLI    10      0.128    0.127   -0.001 
 1012  HAA1   CLI    10     -0.024   -0.024    0.000 
 1013  HAA2   CLI    10     -0.024   -0.024    0.000 
 1014   CBA   CLI    10     -0.250   -0.247    0.003 
 1015  HBA1   CLI    10      0.030    0.028   -0.002 
 1016  HBA2   CLI    10      0.030    0.028   -0.002 
 1017   CGA   CLI    10      0.783    0.783    0.000 
 1018   O1A   CLI    10     -0.544   -0.544    0.000 
 1019   O2A   CLI    10     -0.331   -0.331    0.000 
 1020    NB   CLI    10     -0.442   -0.437    0.005 
 1021   C1B   CLI    10      0.143    0.115   -0.028 
 1022   C2B   CLI    10      0.260    0.236   -0.024 
 1023   C3B   CLI    10     -0.071   -0.110   -0.039 
 1024   C4B   CLI    10      0.094    0.158    0.064 
 1025   CMB   CLI    10     -0.550   -0.548    0.002 
 1026  HMB1   CLI    10      0.154    0.153   -0.001 
 1027  HMB2   CLI    10      0.154    0.153   -0.001 
 1028  HMB3   CLI    10      0.154    0.153   -0.001 
 1029   CAB   CLI    10     -0.106   -0.098    0.008 
 1030   HAB   CLI    10      0.126    0.125   -0.001 
 1031   CBB   CLI    10     -0.360   -0.375   -0.015 
 1032  HBB1   CLI    10      0.161    0.162    0.001 
 1033  HBB2   CLI    10      0.161    0.162    0.001 
 1034    NC   CLI    10     -0.342   -0.424   -0.082 
 1035   C1C   CLI    10     -0.081   -0.005    0.076 
 1036   C2C   CLI    10      0.315    0.329    0.014 
 1037   C3C   CLI    10     -0.216   -0.231   -0.015 
 1038   C4C   CLI    10      0.115    0.279    0.164 
 1039   CMC   CLI    10     -0.611   -0.609    0.002 
 1040  HMC1   CLI    10      0.167    0.167    0.000 
 1041  HMC2   CLI    10      0.167    0.167    0.000 
 1042  HMC3   CLI    10      0.167    0.167    0.000 
 1043   CAC   CLI    10      0.133    0.135    0.002 
 1044  HAC1   CLI    10      0.005    0.004   -0.001 
 1045  HAC2   CLI    10      0.005    0.004   -0.001 
 1046   CBC   CLI    10     -0.223   -0.223    0.000 
 1047  HBC1   CLI    10      0.060    0.060    0.000 
 1048  HBC2   CLI    10      0.060    0.060    0.000 
 1049  HBC3   CLI    10      0.060    0.060    0.000 
 1050    ND   CLI    10     -0.465   -0.500   -0.035 
 1051   C1D   CLI    10      0.090    0.225    0.135 
 1052   C2D   CLI    10      0.225    0.168   -0.057 
 1053   C3D   CLI    10     -0.286   -0.291   -0.005 
 1054   C4D   CLI    10      0.073    0.111    0.038 
 1055   CMD   CLI    10     -0.490   -0.480    0.010 
 1056  HMD1   CLI    10      0.145    0.145    0.000 
 1057  HMD2   CLI    10      0.145    0.145    0.000 
 1058  HMD3   CLI    10      0.145    0.145    0.000 
 1059   CAD   CLI    10      0.734    0.731   -0.003 
 1060   OBD   CLI    10     -0.483   -0.490   -0.007 
 1061   CBD   CLI    10     -0.870   -0.917   -0.047 
 1062  HBD1   CLI    10      0.235    0.245    0.010 
 1063   CGD   CLI    10      0.832    0.838    0.006 
 1064   O1D   CLI    10     -0.527   -0.527    0.000 
 1065   O2D   CLI    10     -0.284   -0.280    0.004 
 1066   CED   CLI    10     -0.212   -0.215   -0.003 
 1067  HED1   CLI    10      0.126    0.127    0.001 
 1068  HED2   CLI    10      0.126    0.127    0.001 
 1069  HED3   CLI    10      0.126    0.127    0.001 
 1070    C1   CLI    10     -0.191   -0.191    0.000 
 1071    H1   CLI    10      0.182    0.182    0.000 
 1072    H2   CLI    10      0.181    0.181    0.000 
 1073    C2   CLI    10     -0.150   -0.150    0.000 
 1074    H3   CLI    10      0.150    0.150    0.000 
 1075    C3   CLI    10     -0.150   -0.150    0.000 
 1076    H4   CLI    10      0.150    0.150    0.000 
 1077    C4   CLI    10     -0.270   -0.270    0.000 
 1078    H5   CLI    10      0.090    0.090    0.000 
 1079    H6   CLI    10      0.090    0.090    0.000 
 1080    H7   CLI    10      0.090    0.090    0.000 
