  138    MG   CLB     2      0.981    0.984    0.003 
  139   CHA   CLB     2      0.341    0.358    0.017 
  140   CHB   CLB     2     -0.482   -0.467    0.015 
  141   HHB   CLB     2      0.153    0.148   -0.005 
  142   CHC   CLB     2     -0.100   -0.182   -0.082 
  143   HHC   CLB     2      0.107    0.112    0.005 
  144   CHD   CLB     2     -0.176   -0.341   -0.165 
  145   HHD   CLB     2      0.142    0.154    0.012 
  146    NA   CLB     2     -0.498   -0.529   -0.031 
  147   C1A   CLB     2     -0.075   -0.054    0.021 
  148   C2A   CLB     2      0.138    0.146    0.008 
  149   H2A   CLB     2      0.002    0.003    0.001 
  150   C3A   CLB     2      0.048    0.047   -0.001 
  151   H3A   CLB     2      0.030    0.030    0.000 
  152   C4A   CLB     2      0.448    0.471    0.023 
  153   CMA   CLB     2     -0.421   -0.413    0.008 
  154  HMA1   CLB     2      0.116    0.114   -0.002 
  155  HMA2   CLB     2      0.116    0.114   -0.002 
  156  HMA3   CLB     2      0.116    0.114   -0.002 
  157   CAA   CLB     2      0.128    0.127   -0.001 
  158  HAA1   CLB     2     -0.024   -0.024    0.000 
  159  HAA2   CLB     2     -0.024   -0.024    0.000 
  160   CBA   CLB     2     -0.250   -0.247    0.003 
  161  HBA1   CLB     2      0.030    0.028   -0.002 
  162  HBA2   CLB     2      0.030    0.028   -0.002 
  163   CGA   CLB     2      0.783    0.783    0.000 
  164   O1A   CLB     2     -0.544   -0.544    0.000 
  165   O2A   CLB     2     -0.331   -0.331    0.000 
  166    NB   CLB     2     -0.442   -0.437    0.005 
  167   C1B   CLB     2      0.143    0.115   -0.028 
  168   C2B   CLB     2      0.260    0.236   -0.024 
  169   C3B   CLB     2     -0.071   -0.110   -0.039 
  170   C4B   CLB     2      0.094    0.158    0.064 
  171   CMB   CLB     2     -0.550   -0.548    0.002 
  172  HMB1   CLB     2      0.154    0.153   -0.001 
  173  HMB2   CLB     2      0.154    0.153   -0.001 
  174  HMB3   CLB     2      0.154    0.153   -0.001 
  175   CAB   CLB     2     -0.106   -0.098    0.008 
  176   HAB   CLB     2      0.126    0.125   -0.001 
  177   CBB   CLB     2     -0.360   -0.375   -0.015 
  178  HBB1   CLB     2      0.161    0.162    0.001 
  179  HBB2   CLB     2      0.161    0.162    0.001 
  180    NC   CLB     2     -0.342   -0.424   -0.082 
  181   C1C   CLB     2     -0.081   -0.005    0.076 
  182   C2C   CLB     2      0.315    0.329    0.014 
  183   C3C   CLB     2     -0.216   -0.231   -0.015 
  184   C4C   CLB     2      0.115    0.279    0.164 
  185   CMC   CLB     2     -0.611   -0.609    0.002 
  186  HMC1   CLB     2      0.167    0.167    0.000 
  187  HMC2   CLB     2      0.167    0.167    0.000 
  188  HMC3   CLB     2      0.167    0.167    0.000 
  189   CAC   CLB     2      0.133    0.135    0.002 
  190  HAC1   CLB     2      0.005    0.004   -0.001 
  191  HAC2   CLB     2      0.005    0.004   -0.001 
  192   CBC   CLB     2     -0.223   -0.223    0.000 
  193  HBC1   CLB     2      0.060    0.060    0.000 
  194  HBC2   CLB     2      0.060    0.060    0.000 
  195  HBC3   CLB     2      0.060    0.060    0.000 
  196    ND   CLB     2     -0.465   -0.500   -0.035 
  197   C1D   CLB     2      0.090    0.225    0.135 
  198   C2D   CLB     2      0.225    0.168   -0.057 
  199   C3D   CLB     2     -0.286   -0.291   -0.005 
  200   C4D   CLB     2      0.073    0.111    0.038 
  201   CMD   CLB     2     -0.490   -0.480    0.010 
  202  HMD1   CLB     2      0.145    0.145    0.000 
  203  HMD2   CLB     2      0.145    0.145    0.000 
  204  HMD3   CLB     2      0.145    0.145    0.000 
  205   CAD   CLB     2      0.734    0.731   -0.003 
  206   OBD   CLB     2     -0.483   -0.490   -0.007 
  207   CBD   CLB     2     -0.870   -0.917   -0.047 
  208  HBD1   CLB     2      0.235    0.245    0.010 
  209   CGD   CLB     2      0.832    0.838    0.006 
  210   O1D   CLB     2     -0.527   -0.527    0.000 
  211   O2D   CLB     2     -0.284   -0.280    0.004 
  212   CED   CLB     2     -0.212   -0.215   -0.003 
  213  HED1   CLB     2      0.126    0.127    0.001 
  214  HED2   CLB     2      0.126    0.127    0.001 
  215  HED3   CLB     2      0.126    0.127    0.001 
  216    C1   CLB     2     -0.191   -0.191    0.000 
  217    H1   CLB     2      0.182    0.182    0.000 
  218    H2   CLB     2      0.181    0.181    0.000 
  219    C2   CLB     2     -0.150   -0.150    0.000 
  220    H3   CLB     2      0.150    0.150    0.000 
  221    C3   CLB     2      0.000    0.000    0.000 
  222    C4   CLB     2     -0.270   -0.270    0.000 
  223    H5   CLB     2      0.090    0.090    0.000 
  224    H6   CLB     2      0.090    0.090    0.000 
  225    H7   CLB     2      0.090    0.090    0.000 
  226    C5   CLB     2     -0.180   -0.180    0.000 
  227    H8   CLB     2      0.090    0.090    0.000 
  228    H9   CLB     2      0.090    0.090    0.000 
  229    C6   CLB     2     -0.180   -0.180    0.000 
  230   H10   CLB     2      0.090    0.090    0.000 
  231   H11   CLB     2      0.090    0.090    0.000 
  232    C7   CLB     2     -0.180   -0.180    0.000 
  233   H12   CLB     2      0.090    0.090    0.000 
  234   H13   CLB     2      0.090    0.090    0.000 
  235    C8   CLB     2     -0.090   -0.090    0.000 
  236   H14   CLB     2      0.090    0.090    0.000 
  237    C9   CLB     2     -0.270   -0.270    0.000 
  238   H15   CLB     2      0.090    0.090    0.000 
  239   H16   CLB     2      0.090    0.090    0.000 
  240   H17   CLB     2      0.090    0.090    0.000 
  241   C10   CLB     2     -0.180   -0.180    0.000 
  242   H18   CLB     2      0.090    0.090    0.000 
  243   H19   CLB     2      0.090    0.090    0.000 
  244   C11   CLB     2     -0.180   -0.180    0.000 
  245   H20   CLB     2      0.090    0.090    0.000 
  246   H21   CLB     2      0.090    0.090    0.000 
  247   C12   CLB     2     -0.180   -0.180    0.000 
  248   H22   CLB     2      0.090    0.090    0.000 
  249   H23   CLB     2      0.090    0.090    0.000 
  250   C13   CLB     2     -0.090   -0.090    0.000 
  251   H24   CLB     2      0.090    0.090    0.000 
  252   C14   CLB     2     -0.270   -0.270    0.000 
  253   H25   CLB     2      0.090    0.090    0.000 
  254   H26   CLB     2      0.090    0.090    0.000 
  255   H27   CLB     2      0.090    0.090    0.000 
  256   C15   CLB     2     -0.180   -0.180    0.000 
  257   H28   CLB     2      0.090    0.090    0.000 
  258   H29   CLB     2      0.090    0.090    0.000 
  259   C16   CLB     2     -0.270   -0.270    0.000 
  260   H30   CLB     2      0.090    0.090    0.000 
  261   H31   CLB     2      0.090    0.090    0.000 
  262   H32   CLB     2      0.090    0.090    0.000 
