  263    MG   CLC     3      0.981    0.984    0.003 
  264   CHA   CLC     3      0.341    0.358    0.017 
  265   CHB   CLC     3     -0.482   -0.467    0.015 
  266   HHB   CLC     3      0.153    0.148   -0.005 
  267   CHC   CLC     3     -0.100   -0.182   -0.082 
  268   HHC   CLC     3      0.107    0.112    0.005 
  269   CHD   CLC     3     -0.176   -0.341   -0.165 
  270   HHD   CLC     3      0.142    0.154    0.012 
  271    NA   CLC     3     -0.498   -0.529   -0.031 
  272   C1A   CLC     3     -0.075   -0.054    0.021 
  273   C2A   CLC     3      0.138    0.146    0.008 
  274   H2A   CLC     3      0.002    0.003    0.001 
  275   C3A   CLC     3      0.048    0.047   -0.001 
  276   H3A   CLC     3      0.030    0.030    0.000 
  277   C4A   CLC     3      0.448    0.471    0.023 
  278   CMA   CLC     3     -0.421   -0.413    0.008 
  279  HMA1   CLC     3      0.116    0.114   -0.002 
  280  HMA2   CLC     3      0.116    0.114   -0.002 
  281  HMA3   CLC     3      0.116    0.114   -0.002 
  282   CAA   CLC     3      0.128    0.127   -0.001 
  283  HAA1   CLC     3     -0.024   -0.024    0.000 
  284  HAA2   CLC     3     -0.024   -0.024    0.000 
  285   CBA   CLC     3     -0.250   -0.247    0.003 
  286  HBA1   CLC     3      0.030    0.028   -0.002 
  287  HBA2   CLC     3      0.030    0.028   -0.002 
  288   CGA   CLC     3      0.783    0.783    0.000 
  289   O1A   CLC     3     -0.544   -0.544    0.000 
  290   O2A   CLC     3     -0.331   -0.331    0.000 
  291    NB   CLC     3     -0.442   -0.437    0.005 
  292   C1B   CLC     3      0.143    0.115   -0.028 
  293   C2B   CLC     3      0.260    0.236   -0.024 
  294   C3B   CLC     3     -0.071   -0.110   -0.039 
  295   C4B   CLC     3      0.094    0.158    0.064 
  296   CMB   CLC     3     -0.550   -0.548    0.002 
  297  HMB1   CLC     3      0.154    0.153   -0.001 
  298  HMB2   CLC     3      0.154    0.153   -0.001 
  299  HMB3   CLC     3      0.154    0.153   -0.001 
  300   CAB   CLC     3     -0.106   -0.098    0.008 
  301   HAB   CLC     3      0.126    0.125   -0.001 
  302   CBB   CLC     3     -0.360   -0.375   -0.015 
  303  HBB1   CLC     3      0.161    0.162    0.001 
  304  HBB2   CLC     3      0.161    0.162    0.001 
  305    NC   CLC     3     -0.342   -0.424   -0.082 
  306   C1C   CLC     3     -0.081   -0.005    0.076 
  307   C2C   CLC     3      0.315    0.329    0.014 
  308   C3C   CLC     3     -0.216   -0.231   -0.015 
  309   C4C   CLC     3      0.115    0.279    0.164 
  310   CMC   CLC     3     -0.611   -0.609    0.002 
  311  HMC1   CLC     3      0.167    0.167    0.000 
  312  HMC2   CLC     3      0.167    0.167    0.000 
  313  HMC3   CLC     3      0.167    0.167    0.000 
  314   CAC   CLC     3      0.133    0.135    0.002 
  315  HAC1   CLC     3      0.005    0.004   -0.001 
  316  HAC2   CLC     3      0.005    0.004   -0.001 
  317   CBC   CLC     3     -0.223   -0.223    0.000 
  318  HBC1   CLC     3      0.060    0.060    0.000 
  319  HBC2   CLC     3      0.060    0.060    0.000 
  320  HBC3   CLC     3      0.060    0.060    0.000 
  321    ND   CLC     3     -0.465   -0.500   -0.035 
  322   C1D   CLC     3      0.090    0.225    0.135 
  323   C2D   CLC     3      0.225    0.168   -0.057 
  324   C3D   CLC     3     -0.286   -0.291   -0.005 
  325   C4D   CLC     3      0.073    0.111    0.038 
  326   CMD   CLC     3     -0.490   -0.480    0.010 
  327  HMD1   CLC     3      0.145    0.145    0.000 
  328  HMD2   CLC     3      0.145    0.145    0.000 
  329  HMD3   CLC     3      0.145    0.145    0.000 
  330   CAD   CLC     3      0.734    0.731   -0.003 
  331   OBD   CLC     3     -0.483   -0.490   -0.007 
  332   CBD   CLC     3     -0.870   -0.917   -0.047 
  333  HBD1   CLC     3      0.235    0.245    0.010 
  334   CGD   CLC     3      0.832    0.838    0.006 
  335   O1D   CLC     3     -0.527   -0.527    0.000 
  336   O2D   CLC     3     -0.284   -0.280    0.004 
  337   CED   CLC     3     -0.212   -0.215   -0.003 
  338  HED1   CLC     3      0.126    0.127    0.001 
  339  HED2   CLC     3      0.126    0.127    0.001 
  340  HED3   CLC     3      0.126    0.127    0.001 
  341    C1   CLC     3     -0.191   -0.191    0.000 
  342    H1   CLC     3      0.182    0.182    0.000 
  343    H2   CLC     3      0.181    0.181    0.000 
  344    C2   CLC     3     -0.150   -0.150    0.000 
  345    H3   CLC     3      0.150    0.150    0.000 
  346    C3   CLC     3      0.000    0.000    0.000 
  347    C4   CLC     3     -0.270   -0.270    0.000 
  348    H5   CLC     3      0.090    0.090    0.000 
  349    H6   CLC     3      0.090    0.090    0.000 
  350    H7   CLC     3      0.090    0.090    0.000 
  351    C5   CLC     3     -0.180   -0.180    0.000 
  352    H8   CLC     3      0.090    0.090    0.000 
  353    H9   CLC     3      0.090    0.090    0.000 
  354    C6   CLC     3     -0.180   -0.180    0.000 
  355   H10   CLC     3      0.090    0.090    0.000 
  356   H11   CLC     3      0.090    0.090    0.000 
  357    C7   CLC     3     -0.180   -0.180    0.000 
  358   H12   CLC     3      0.090    0.090    0.000 
  359   H13   CLC     3      0.090    0.090    0.000 
  360    C8   CLC     3     -0.090   -0.090    0.000 
  361   H14   CLC     3      0.090    0.090    0.000 
  362    C9   CLC     3     -0.270   -0.270    0.000 
  363   H15   CLC     3      0.090    0.090    0.000 
  364   H16   CLC     3      0.090    0.090    0.000 
  365   H17   CLC     3      0.090    0.090    0.000 
  366   C10   CLC     3     -0.180   -0.180    0.000 
  367   H18   CLC     3      0.090    0.090    0.000 
  368   H19   CLC     3      0.090    0.090    0.000 
  369   C11   CLC     3     -0.180   -0.180    0.000 
  370   H20   CLC     3      0.090    0.090    0.000 
  371   H21   CLC     3      0.090    0.090    0.000 
  372   C12   CLC     3     -0.180   -0.180    0.000 
  373   H22   CLC     3      0.090    0.090    0.000 
  374   H23   CLC     3      0.090    0.090    0.000 
  375   C13   CLC     3     -0.090   -0.090    0.000 
  376   H24   CLC     3      0.090    0.090    0.000 
  377   C14   CLC     3     -0.270   -0.270    0.000 
  378   H25   CLC     3      0.090    0.090    0.000 
  379   H26   CLC     3      0.090    0.090    0.000 
  380   H27   CLC     3      0.090    0.090    0.000 
  381   C15   CLC     3     -0.180   -0.180    0.000 
  382   H28   CLC     3      0.090    0.090    0.000 
  383   H29   CLC     3      0.090    0.090    0.000 
  384   C16   CLC     3     -0.270   -0.270    0.000 
  385   H30   CLC     3      0.090    0.090    0.000 
  386   H31   CLC     3      0.090    0.090    0.000 
  387   H32   CLC     3      0.090    0.090    0.000 
