  668    MG   CLG     7      0.981    0.984    0.003 
  669   CHA   CLG     7      0.341    0.358    0.017 
  670   CHB   CLG     7     -0.482   -0.467    0.015 
  671   HHB   CLG     7      0.153    0.148   -0.005 
  672   CHC   CLG     7     -0.100   -0.182   -0.082 
  673   HHC   CLG     7      0.107    0.112    0.005 
  674   CHD   CLG     7     -0.176   -0.341   -0.165 
  675   HHD   CLG     7      0.142    0.154    0.012 
  676    NA   CLG     7     -0.498   -0.529   -0.031 
  677   C1A   CLG     7     -0.075   -0.054    0.021 
  678   C2A   CLG     7      0.138    0.146    0.008 
  679   H2A   CLG     7      0.002    0.003    0.001 
  680   C3A   CLG     7      0.048    0.047   -0.001 
  681   H3A   CLG     7      0.030    0.030    0.000 
  682   C4A   CLG     7      0.448    0.471    0.023 
  683   CMA   CLG     7     -0.421   -0.413    0.008 
  684  HMA1   CLG     7      0.116    0.114   -0.002 
  685  HMA2   CLG     7      0.116    0.114   -0.002 
  686  HMA3   CLG     7      0.116    0.114   -0.002 
  687   CAA   CLG     7      0.128    0.127   -0.001 
  688  HAA1   CLG     7     -0.024   -0.024    0.000 
  689  HAA2   CLG     7     -0.024   -0.024    0.000 
  690   CBA   CLG     7     -0.250   -0.247    0.003 
  691  HBA1   CLG     7      0.030    0.028   -0.002 
  692  HBA2   CLG     7      0.030    0.028   -0.002 
  693   CGA   CLG     7      0.783    0.783    0.000 
  694   O1A   CLG     7     -0.544   -0.544    0.000 
  695   O2A   CLG     7     -0.331   -0.331    0.000 
  696    NB   CLG     7     -0.442   -0.437    0.005 
  697   C1B   CLG     7      0.143    0.115   -0.028 
  698   C2B   CLG     7      0.260    0.236   -0.024 
  699   C3B   CLG     7     -0.071   -0.110   -0.039 
  700   C4B   CLG     7      0.094    0.158    0.064 
  701   CMB   CLG     7     -0.550   -0.548    0.002 
  702  HMB1   CLG     7      0.154    0.153   -0.001 
  703  HMB2   CLG     7      0.154    0.153   -0.001 
  704  HMB3   CLG     7      0.154    0.153   -0.001 
  705   CAB   CLG     7     -0.106   -0.098    0.008 
  706   HAB   CLG     7      0.126    0.125   -0.001 
  707   CBB   CLG     7     -0.360   -0.375   -0.015 
  708  HBB1   CLG     7      0.161    0.162    0.001 
  709  HBB2   CLG     7      0.161    0.162    0.001 
  710    NC   CLG     7     -0.342   -0.424   -0.082 
  711   C1C   CLG     7     -0.081   -0.005    0.076 
  712   C2C   CLG     7      0.315    0.329    0.014 
  713   C3C   CLG     7     -0.216   -0.231   -0.015 
  714   C4C   CLG     7      0.115    0.279    0.164 
  715   CMC   CLG     7     -0.611   -0.609    0.002 
  716  HMC1   CLG     7      0.167    0.167    0.000 
  717  HMC2   CLG     7      0.167    0.167    0.000 
  718  HMC3   CLG     7      0.167    0.167    0.000 
  719   CAC   CLG     7      0.133    0.135    0.002 
  720  HAC1   CLG     7      0.005    0.004   -0.001 
  721  HAC2   CLG     7      0.005    0.004   -0.001 
  722   CBC   CLG     7     -0.223   -0.223    0.000 
  723  HBC1   CLG     7      0.060    0.060    0.000 
  724  HBC2   CLG     7      0.060    0.060    0.000 
  725  HBC3   CLG     7      0.060    0.060    0.000 
  726    ND   CLG     7     -0.465   -0.500   -0.035 
  727   C1D   CLG     7      0.090    0.225    0.135 
  728   C2D   CLG     7      0.225    0.168   -0.057 
  729   C3D   CLG     7     -0.286   -0.291   -0.005 
  730   C4D   CLG     7      0.073    0.111    0.038 
  731   CMD   CLG     7     -0.490   -0.480    0.010 
  732  HMD1   CLG     7      0.145    0.145    0.000 
  733  HMD2   CLG     7      0.145    0.145    0.000 
  734  HMD3   CLG     7      0.145    0.145    0.000 
  735   CAD   CLG     7      0.734    0.731   -0.003 
  736   OBD   CLG     7     -0.483   -0.490   -0.007 
  737   CBD   CLG     7     -0.870   -0.917   -0.047 
  738  HBD1   CLG     7      0.235    0.245    0.010 
  739   CGD   CLG     7      0.832    0.838    0.006 
  740   O1D   CLG     7     -0.527   -0.527    0.000 
  741   O2D   CLG     7     -0.284   -0.280    0.004 
  742   CED   CLG     7     -0.212   -0.215   -0.003 
  743  HED1   CLG     7      0.126    0.127    0.001 
  744  HED2   CLG     7      0.126    0.127    0.001 
  745  HED3   CLG     7      0.126    0.127    0.001 
  746    C1   CLG     7     -0.191   -0.191    0.000 
  747    H1   CLG     7      0.182    0.182    0.000 
  748    H2   CLG     7      0.181    0.181    0.000 
  749    C2   CLG     7     -0.150   -0.150    0.000 
  750    H3   CLG     7      0.150    0.150    0.000 
  751    C3   CLG     7      0.000    0.000    0.000 
  752    C4   CLG     7     -0.270   -0.270    0.000 
  753    H5   CLG     7      0.090    0.090    0.000 
  754    H6   CLG     7      0.090    0.090    0.000 
  755    H7   CLG     7      0.090    0.090    0.000 
  756    C5   CLG     7     -0.180   -0.180    0.000 
  757    H8   CLG     7      0.090    0.090    0.000 
  758    H9   CLG     7      0.090    0.090    0.000 
  759    C6   CLG     7     -0.180   -0.180    0.000 
  760   H10   CLG     7      0.090    0.090    0.000 
  761   H11   CLG     7      0.090    0.090    0.000 
  762    C7   CLG     7     -0.180   -0.180    0.000 
  763   H12   CLG     7      0.090    0.090    0.000 
  764   H13   CLG     7      0.090    0.090    0.000 
  765    C8   CLG     7     -0.090   -0.090    0.000 
  766   H14   CLG     7      0.090    0.090    0.000 
  767    C9   CLG     7     -0.270   -0.270    0.000 
  768   H15   CLG     7      0.090    0.090    0.000 
  769   H16   CLG     7      0.090    0.090    0.000 
  770   H17   CLG     7      0.090    0.090    0.000 
  771   C10   CLG     7     -0.180   -0.180    0.000 
  772   H18   CLG     7      0.090    0.090    0.000 
  773   H19   CLG     7      0.090    0.090    0.000 
  774   C11   CLG     7     -0.180   -0.180    0.000 
  775   H20   CLG     7      0.090    0.090    0.000 
  776   H21   CLG     7      0.090    0.090    0.000 
  777   C12   CLG     7     -0.180   -0.180    0.000 
  778   H22   CLG     7      0.090    0.090    0.000 
  779   H23   CLG     7      0.090    0.090    0.000 
  780   C13   CLG     7     -0.090   -0.090    0.000 
  781   H24   CLG     7      0.090    0.090    0.000 
  782   C14   CLG     7     -0.270   -0.270    0.000 
  783   H25   CLG     7      0.090    0.090    0.000 
  784   H26   CLG     7      0.090    0.090    0.000 
  785   H27   CLG     7      0.090    0.090    0.000 
  786   C15   CLG     7     -0.270   -0.270    0.000 
  787   H28   CLG     7      0.090    0.090    0.000 
  788   H29   CLG     7      0.090    0.090    0.000 
  789   H30   CLG     7      0.090    0.090    0.000 
