 1285    MG   CHC    13      1.068    1.071    0.003 
 1286   CHA   CHC    13      0.340    0.380    0.040 
 1287   CHB   CHC    13     -0.471   -0.426    0.045 
 1288   HHB   CHC    13      0.148    0.141   -0.007 
 1289   CHC   CHC    13     -0.293   -0.325   -0.032 
 1290   HHC   CHC    13      0.186    0.185   -0.001 
 1291   CHD   CHC    13     -0.317   -0.491   -0.174 
 1292   HHD   CHC    13      0.164    0.177    0.013 
 1293    NA   CHC    13     -0.565   -0.571    0.048 
 1294   C1A   CHC    13     -0.050   -0.042    0.008 
 1295   C2A   CHC    13      0.157    0.161    0.004 
 1296   H2A   CHC    13      0.002    0.003    0.001 
 1297   C3A   CHC    13      0.076    0.075   -0.001 
 1298   H3A   CHC    13      0.021    0.021    0.000 
 1299   C4A   CHC    13      0.476    0.478    0.002 
 1300   CMA   CHC    13     -0.416   -0.411    0.006 
 1301  HMA1   CHC    13      0.113    0.112   -0.001 
 1302  HMA2   CHC    13      0.113    0.112   -0.001 
 1303  HMA3   CHC    13      0.113    0.112   -0.001 
 1304   CAA   CHC    13      0.049    0.051    0.002 
 1305  HAA1   CHC    13     -0.005   -0.005    0.000 
 1306  HAA2   CHC    13     -0.005   -0.005    0.000 
 1307   CBA   CHC    13     -0.234   -0.234    0.000 
 1308  HBA1   CHC    13      0.029    0.029    0.000 
 1309  HBA2   CHC    13      0.029    0.029    0.000 
 1310   CGA   CHC    13      0.789    0.789    0.000 
 1311   O1A   CHC    13     -0.543   -0.543    0.000 
 1312   O2A   CHC    13     -0.338   -0.337    0.001 
 1313    NB   CHC    13     -0.481   -0.464    0.017 
 1314   C1B   CHC    13      0.133    0.090   -0.043 
 1315   C2B   CHC    13      0.224    0.204   -0.020 
 1316   C3B   CHC    13     -0.031   -0.068   -0.037 
 1317   C4B   CHC    13      0.192    0.239    0.047 
 1318   CMB   CHC    13     -0.549   -0.537    0.012 
 1319  HMB1   CHC    13      0.157    0.154   -0.003 
 1320  HMB2   CHC    13      0.157    0.154   -0.003 
 1321  HMB3   CHC    13      0.157    0.154   -0.003 
 1322   CAB   CHC    13     -0.138   -0.130    0.008 
 1323   HAB   CHC    13      0.124    0.123   -0.001 
 1324   CBB   CHC    13     -0.337   -0.351   -0.014 
 1325  HBB1   CHC    13      0.168    0.169    0.001 
 1326  HBB2   CHC    13      0.168    0.169    0.001 
 1327    NC   CHC    13     -0.582   -0.648   -0.066 
 1328   C1C   CHC    13      0.278    0.305    0.027 
 1329   C2C   CHC    13     -0.092   -0.072    0.020 
 1330   C3C   CHC    13     -0.274   -0.281   -0.007 
 1331   C4C   CHC    13      0.379    0.535    0.156 
 1332   CMC   CHC    13      0.422    0.417   -0.005 
 1333   OMC   CHC    13     -0.479   -0.473    0.006 
 1334   HMC   CHC    13      0.015    0.015    0.000 
 1335   CAC   CHC    13      0.182    0.181   -0.001 
 1336  HAC1   CHC    13     -0.004   -0.004    0.000 
 1337  HAC2   CHC    13     -0.004   -0.004    0.000 
 1338   CBC   CHC    13     -0.220   -0.217    0.003 
 1339  HBC1   CHC    13      0.062    0.061   -0.001 
 1340  HBC2   CHC    13      0.062    0.061   -0.001 
 1341  HBC3   CHC    13      0.062    0.061   -0.001 
 1342    ND   CHC    13     -0.520   -0.549   -0.029 
 1343   C1D   CHC    13      0.177    0.306    0.129 
 1344   C2D   CHC    13      0.223    0.157   -0.066 
 1345   C3D   CHC    13     -0.287   -0.291   -0.004 
 1346   C4D   CHC    13      0.089    0.104    0.015 
 1347   CMD   CHC    13     -0.524   -0.515    0.009 
 1348  HMD1   CHC    13      0.156    0.154   -0.002 
 1349  HMD2   CHC    13      0.156    0.154   -0.002 
 1350  HMD3   CHC    13      0.156    0.154   -0.002 
 1351   CAD   CHC    13      0.736    0.736    0.000 
 1352   OBD   CHC    13     -0.481   -0.487   -0.006 
 1353   CBD   CHC    13     -0.859   -0.913   -0.054 
 1354  HBD1   CHC    13      0.230    0.242    0.012 
 1355   CGD   CHC    13      0.820    0.827    0.007 
 1356   O1D   CHC    13     -0.527   -0.527    0.000 
 1357   O2D   CHC    13     -0.277   -0.273    0.004 
 1358   CED   CHC    13     -0.210   -0.212   -0.002 
 1359  HED1   CHC    13      0.126    0.126    0.000 
 1360  HED2   CHC    13      0.126    0.126    0.000 
 1361  HED3   CHC    13      0.126    0.126    0.000 
 1362    C1   CHC    13     -0.180   -0.181   -0.001 
 1363    H1   CHC    13      0.179    0.179    0.000 
 1364    H2   CHC    13      0.178    0.178    0.000 
 1365    C2   CHC    13     -0.150   -0.150    0.000 
 1366    H3   CHC    13      0.150    0.150    0.000 
 1367    C3   CHC    13      0.000    0.000    0.000 
 1368    C4   CHC    13     -0.270   -0.270    0.000 
 1369    H5   CHC    13      0.090    0.090    0.000 
 1370    H6   CHC    13      0.090    0.090    0.000 
 1371    H7   CHC    13      0.090    0.090    0.000 
 1372    C5   CHC    13     -0.180   -0.180    0.000 
 1373    H8   CHC    13      0.090    0.090    0.000 
 1374    H9   CHC    13      0.090    0.090    0.000 
 1375    C6   CHC    13     -0.180   -0.180    0.000 
 1376   H10   CHC    13      0.090    0.090    0.000 
 1377   H11   CHC    13      0.090    0.090    0.000 
 1378    C7   CHC    13     -0.180   -0.180    0.000 
 1379   H12   CHC    13      0.090    0.090    0.000 
 1380   H13   CHC    13      0.090    0.090    0.000 
 1381    C8   CHC    13     -0.090   -0.090    0.000 
 1382   H14   CHC    13      0.090    0.090    0.000 
 1383    C9   CHC    13     -0.270   -0.270    0.000 
 1384   H15   CHC    13      0.090    0.090    0.000 
 1385   H16   CHC    13      0.090    0.090    0.000 
 1386   H17   CHC    13      0.090    0.090    0.000 
 1387   C10   CHC    13     -0.180   -0.180    0.000 
 1388   H18   CHC    13      0.090    0.090    0.000 
 1389   H19   CHC    13      0.090    0.090    0.000 
 1390   C11   CHC    13     -0.180   -0.180    0.000 
 1391   H20   CHC    13      0.090    0.090    0.000 
 1392   H21   CHC    13      0.090    0.090    0.000 
 1393   C12   CHC    13     -0.180   -0.180    0.000 
 1394   H22   CHC    13      0.090    0.090    0.000 
 1395   H23   CHC    13      0.090    0.090    0.000 
 1396   C13   CHC    13     -0.090   -0.090    0.000 
 1397   H24   CHC    13      0.090    0.090    0.000 
 1398   C14   CHC    13     -0.270   -0.270    0.000 
 1399   H25   CHC    13      0.090    0.090    0.000 
 1400   H26   CHC    13      0.090    0.090    0.000 
 1401   H27   CHC    13      0.090    0.090    0.000 
 1402   C15   CHC    13     -0.180   -0.180    0.000 
 1403   H28   CHC    13      0.090    0.090    0.000 
 1404   H29   CHC    13      0.090    0.090    0.000 
 1405   C16   CHC    13     -0.270   -0.270    0.000 
 1406   H30   CHC    13      0.090    0.090    0.000 
 1407   H31   CHC    13      0.090    0.090    0.000 
 1408   H32   CHC    13      0.090    0.090    0.000 
 
