 1409    MG   CHD    14      1.068    1.071    0.003 
 1410   CHA   CHD    14      0.340    0.380    0.040 
 1411   CHB   CHD    14     -0.471   -0.426    0.045 
 1412   HHB   CHD    14      0.148    0.141   -0.007 
 1413   CHC   CHD    14     -0.293   -0.325   -0.032 
 1414   HHC   CHD    14      0.186    0.185   -0.001 
 1415   CHD   CHD    14     -0.317   -0.491   -0.174 
 1416   HHD   CHD    14      0.164    0.177    0.013 
 1417    NA   CHD    14     -0.565   -0.571    0.048 
 1418   C1A   CHD    14     -0.050   -0.042    0.008 
 1419   C2A   CHD    14      0.157    0.161    0.004 
 1420   H2A   CHD    14      0.002    0.003    0.001 
 1421   C3A   CHD    14      0.076    0.075   -0.001 
 1422   H3A   CHD    14      0.021    0.021    0.000 
 1423   C4A   CHD    14      0.476    0.478    0.002 
 1424   CMA   CHD    14     -0.416   -0.411    0.006 
 1425  HMA1   CHD    14      0.113    0.112   -0.001 
 1426  HMA2   CHD    14      0.113    0.112   -0.001 
 1427  HMA3   CHD    14      0.113    0.112   -0.001 
 1428   CAA   CHD    14      0.049    0.051    0.002 
 1429  HAA1   CHD    14     -0.005   -0.005    0.000 
 1430  HAA2   CHD    14     -0.005   -0.005    0.000 
 1431   CBA   CHD    14     -0.234   -0.234    0.000 
 1432  HBA1   CHD    14      0.029    0.029    0.000 
 1433  HBA2   CHD    14      0.029    0.029    0.000 
 1434   CGA   CHD    14      0.789    0.789    0.000 
 1435   O1A   CHD    14     -0.543   -0.543    0.000 
 1436   O2A   CHD    14     -0.338   -0.337    0.001 
 1437    NB   CHD    14     -0.481   -0.464    0.017 
 1438   C1B   CHD    14      0.133    0.090   -0.043 
 1439   C2B   CHD    14      0.224    0.204   -0.020 
 1440   C3B   CHD    14     -0.031   -0.068   -0.037 
 1441   C4B   CHD    14      0.192    0.239    0.047 
 1442   CMB   CHD    14     -0.549   -0.537    0.012 
 1443  HMB1   CHD    14      0.157    0.154   -0.003 
 1444  HMB2   CHD    14      0.157    0.154   -0.003 
 1445  HMB3   CHD    14      0.157    0.154   -0.003 
 1446   CAB   CHD    14     -0.138   -0.130    0.008 
 1447   HAB   CHD    14      0.124    0.123   -0.001 
 1448   CBB   CHD    14     -0.337   -0.351   -0.014 
 1449  HBB1   CHD    14      0.168    0.169    0.001 
 1450  HBB2   CHD    14      0.168    0.169    0.001 
 1451    NC   CHD    14     -0.582   -0.648   -0.066 
 1452   C1C   CHD    14      0.278    0.305    0.027 
 1453   C2C   CHD    14     -0.092   -0.072    0.020 
 1454   C3C   CHD    14     -0.274   -0.281   -0.007 
 1455   C4C   CHD    14      0.379    0.535    0.156 
 1456   CMC   CHD    14      0.422    0.417   -0.005 
 1457   OMC   CHD    14     -0.479   -0.473    0.006 
 1458   HMC   CHD    14      0.015    0.015    0.000 
 1459   CAC   CHD    14      0.182    0.181   -0.001 
 1460  HAC1   CHD    14     -0.004   -0.004    0.000 
 1461  HAC2   CHD    14     -0.004   -0.004    0.000 
 1462   CBC   CHD    14     -0.220   -0.217    0.003 
 1463  HBC1   CHD    14      0.062    0.061   -0.001 
 1464  HBC2   CHD    14      0.062    0.061   -0.001 
 1465  HBC3   CHD    14      0.062    0.061   -0.001 
 1466    ND   CHD    14     -0.520   -0.549   -0.029 
 1467   C1D   CHD    14      0.177    0.306    0.129 
 1468   C2D   CHD    14      0.223    0.157   -0.066 
 1469   C3D   CHD    14     -0.287   -0.291   -0.004 
 1470   C4D   CHD    14      0.089    0.104    0.015 
 1471   CMD   CHD    14     -0.524   -0.515    0.009 
 1472  HMD1   CHD    14      0.156    0.154   -0.002 
 1473  HMD2   CHD    14      0.156    0.154   -0.002 
 1474  HMD3   CHD    14      0.156    0.154   -0.002 
 1475   CAD   CHD    14      0.736    0.736    0.000 
 1476   OBD   CHD    14     -0.481   -0.487   -0.006 
 1477   CBD   CHD    14     -0.859   -0.913   -0.054 
 1478  HBD1   CHD    14      0.230    0.242    0.012 
 1479   CGD   CHD    14      0.820    0.827    0.007 
 1480   O1D   CHD    14     -0.527   -0.527    0.000 
 1481   O2D   CHD    14     -0.277   -0.273    0.004 
 1482   CED   CHD    14     -0.210   -0.212   -0.002 
 1483  HED1   CHD    14      0.126    0.126    0.000 
 1484  HED2   CHD    14      0.126    0.126    0.000 
 1485  HED3   CHD    14      0.126    0.126    0.000 
 1486    C1   CHD    14     -0.180   -0.181   -0.001 
 1487    H1   CHD    14      0.179    0.179    0.000 
 1488    H2   CHD    14      0.178    0.178    0.000 
 1489    C2   CHD    14     -0.150   -0.150    0.000 
 1490    H3   CHD    14      0.150    0.150    0.000 
 1491    C3   CHD    14      0.000    0.000    0.000 
 1492    C4   CHD    14     -0.270   -0.270    0.000 
 1493    H5   CHD    14      0.090    0.090    0.000 
 1494    H6   CHD    14      0.090    0.090    0.000 
 1495    H7   CHD    14      0.090    0.090    0.000 
 1496    C5   CHD    14     -0.180   -0.180    0.000 
 1497    H8   CHD    14      0.090    0.090    0.000 
 1498    H9   CHD    14      0.090    0.090    0.000 
 1499    C6   CHD    14     -0.180   -0.180    0.000 
 1500   H10   CHD    14      0.090    0.090    0.000 
 1501   H11   CHD    14      0.090    0.090    0.000 
 1502    C7   CHD    14     -0.180   -0.180    0.000 
 1503   H12   CHD    14      0.090    0.090    0.000 
 1504   H13   CHD    14      0.090    0.090    0.000 
 1505    C8   CHD    14     -0.090   -0.090    0.000 
 1506   H14   CHD    14      0.090    0.090    0.000 
 1507    C9   CHD    14     -0.270   -0.270    0.000 
 1508   H15   CHD    14      0.090    0.090    0.000 
 1509   H16   CHD    14      0.090    0.090    0.000 
 1510   H17   CHD    14      0.090    0.090    0.000 
 1511   C10   CHD    14     -0.180   -0.180    0.000 
 1512   H18   CHD    14      0.090    0.090    0.000 
 1513   H19   CHD    14      0.090    0.090    0.000 
 1514   C11   CHD    14     -0.180   -0.180    0.000 
 1515   H20   CHD    14      0.090    0.090    0.000 
 1516   H21   CHD    14      0.090    0.090    0.000 
 1517   C12   CHD    14     -0.180   -0.180    0.000 
 1518   H22   CHD    14      0.090    0.090    0.000 
 1519   H23   CHD    14      0.090    0.090    0.000 
 1520   C13   CHD    14     -0.090   -0.090    0.000 
 1521   H24   CHD    14      0.090    0.090    0.000 
 1522   C14   CHD    14     -0.270   -0.270    0.000 
 1523   H25   CHD    14      0.090    0.090    0.000 
 1524   H26   CHD    14      0.090    0.090    0.000 
 1525   H27   CHD    14      0.090    0.090    0.000 
 1526   C15   CHD    14     -0.270   -0.270    0.000 
 1527   H28   CHD    14      0.090    0.090    0.000 
 1528   H29   CHD    14      0.090    0.090    0.000 
 1529   H30   CHD    14      0.090    0.090    0.000 
