 1829    MG   CHH    18      1.068    1.071    0.003 
 1830   CHA   CHH    18      0.340    0.380    0.040 
 1831   CHB   CHH    18     -0.471   -0.426    0.045 
 1832   HHB   CHH    18      0.148    0.141   -0.007 
 1833   CHC   CHH    18     -0.293   -0.325   -0.032 
 1834   HHC   CHH    18      0.186    0.185   -0.001 
 1835   CHD   CHH    18     -0.317   -0.491   -0.174 
 1836   HHD   CHH    18      0.164    0.177    0.013 
 1837    NA   CHH    18     -0.565   -0.571    0.048 
 1838   C1A   CHH    18     -0.050   -0.042    0.008 
 1839   C2A   CHH    18      0.157    0.161    0.004 
 1840   H2A   CHH    18      0.002    0.003    0.001 
 1841   C3A   CHH    18      0.076    0.075   -0.001 
 1842   H3A   CHH    18      0.021    0.021    0.000 
 1843   C4A   CHH    18      0.476    0.478    0.002 
 1844   CMA   CHH    18     -0.416   -0.411    0.006 
 1845  HMA1   CHH    18      0.113    0.112   -0.001 
 1846  HMA2   CHH    18      0.113    0.112   -0.001 
 1847  HMA3   CHH    18      0.113    0.112   -0.001 
 1848   CAA   CHH    18      0.049    0.051    0.002 
 1849  HAA1   CHH    18     -0.005   -0.005    0.000 
 1850  HAA2   CHH    18     -0.005   -0.005    0.000 
 1851   CBA   CHH    18     -0.234   -0.234    0.000 
 1852  HBA1   CHH    18      0.029    0.029    0.000 
 1853  HBA2   CHH    18      0.029    0.029    0.000 
 1854   CGA   CHH    18      0.789    0.789    0.000 
 1855   O1A   CHH    18     -0.543   -0.543    0.000 
 1856   O2A   CHH    18     -0.338   -0.337    0.001 
 1857    NB   CHH    18     -0.481   -0.464    0.017 
 1858   C1B   CHH    18      0.133    0.090   -0.043 
 1859   C2B   CHH    18      0.224    0.204   -0.020 
 1860   C3B   CHH    18     -0.031   -0.068   -0.037 
 1861   C4B   CHH    18      0.192    0.239    0.047 
 1862   CMB   CHH    18     -0.549   -0.537    0.012 
 1863  HMB1   CHH    18      0.157    0.154   -0.003 
 1864  HMB2   CHH    18      0.157    0.154   -0.003 
 1865  HMB3   CHH    18      0.157    0.154   -0.003 
 1866   CAB   CHH    18     -0.138   -0.130    0.008 
 1867   HAB   CHH    18      0.124    0.123   -0.001 
 1868   CBB   CHH    18     -0.337   -0.351   -0.014 
 1869  HBB1   CHH    18      0.168    0.169    0.001 
 1870  HBB2   CHH    18      0.168    0.169    0.001 
 1871    NC   CHH    18     -0.582   -0.648   -0.066 
 1872   C1C   CHH    18      0.278    0.305    0.027 
 1873   C2C   CHH    18     -0.092   -0.072    0.020 
 1874   C3C   CHH    18     -0.274   -0.281   -0.007 
 1875   C4C   CHH    18      0.379    0.535    0.156 
 1876   CMC   CHH    18      0.422    0.417   -0.005 
 1877   OMC   CHH    18     -0.479   -0.473    0.006 
 1878   HMC   CHH    18      0.015    0.015    0.000 
 1879   CAC   CHH    18      0.182    0.181   -0.001 
 1880  HAC1   CHH    18     -0.004   -0.004    0.000 
 1881  HAC2   CHH    18     -0.004   -0.004    0.000 
 1882   CBC   CHH    18     -0.220   -0.217    0.003 
 1883  HBC1   CHH    18      0.062    0.061   -0.001 
 1884  HBC2   CHH    18      0.062    0.061   -0.001 
 1885  HBC3   CHH    18      0.062    0.061   -0.001 
 1886    ND   CHH    18     -0.520   -0.549   -0.029 
 1887   C1D   CHH    18      0.177    0.306    0.129 
 1888   C2D   CHH    18      0.223    0.157   -0.066 
 1889   C3D   CHH    18     -0.287   -0.291   -0.004 
 1890   C4D   CHH    18      0.089    0.104    0.015 
 1891   CMD   CHH    18     -0.524   -0.515    0.009 
 1892  HMD1   CHH    18      0.156    0.154   -0.002 
 1893  HMD2   CHH    18      0.156    0.154   -0.002 
 1894  HMD3   CHH    18      0.156    0.154   -0.002 
 1895   CAD   CHH    18      0.736    0.736    0.000 
 1896   OBD   CHH    18     -0.481   -0.487   -0.006 
 1897   CBD   CHH    18     -0.859   -0.913   -0.054 
 1898  HBD1   CHH    18      0.230    0.242    0.012 
 1899   CGD   CHH    18      0.820    0.827    0.007 
 1900   O1D   CHH    18     -0.527   -0.527    0.000 
 1901   O2D   CHH    18     -0.277   -0.273    0.004 
 1902   CED   CHH    18     -0.210   -0.212   -0.002 
 1903  HED1   CHH    18      0.126    0.126    0.000 
 1904  HED2   CHH    18      0.126    0.126    0.000 
 1905  HED3   CHH    18      0.126    0.126    0.000 
 1906    C1   CHH    18     -0.180   -0.181   -0.001 
 1907    H1   CHH    18      0.179    0.179    0.000 
 1908    H2   CHH    18      0.178    0.178    0.000 
 1909    C2   CHH    18     -0.150   -0.150    0.000 
 1910    H3   CHH    18      0.150    0.150    0.000 
 1911    C3   CHH    18      0.000    0.000    0.000 
 1912    C4   CHH    18     -0.270   -0.270    0.000 
 1913    H5   CHH    18      0.090    0.090    0.000 
 1914    H6   CHH    18      0.090    0.090    0.000 
 1915    H7   CHH    18      0.090    0.090    0.000 
 1916    C5   CHH    18     -0.180   -0.180    0.000 
 1917    H8   CHH    18      0.090    0.090    0.000 
 1918    H9   CHH    18      0.090    0.090    0.000 
 1919    C6   CHH    18     -0.180   -0.180    0.000 
 1920   H10   CHH    18      0.090    0.090    0.000 
 1921   H11   CHH    18      0.090    0.090    0.000 
 1922    C7   CHH    18     -0.180   -0.180    0.000 
 1923   H12   CHH    18      0.090    0.090    0.000 
 1924   H13   CHH    18      0.090    0.090    0.000 
 1925    C8   CHH    18     -0.090   -0.090    0.000 
 1926   H14   CHH    18      0.090    0.090    0.000 
 1927    C9   CHH    18     -0.270   -0.270    0.000 
 1928   H15   CHH    18      0.090    0.090    0.000 
 1929   H16   CHH    18      0.090    0.090    0.000 
 1930   H17   CHH    18      0.090    0.090    0.000 
 1931   C10   CHH    18     -0.270   -0.270    0.000 
 1932   H18   CHH    18      0.090    0.090    0.000 
 1933   H19   CHH    18      0.090    0.090    0.000 
 1934   H20   CHH    18      0.090    0.090    0.000 
