 2007    MG   CHJ    20      1.068    1.071    0.003 
 2008   CHA   CHJ    20      0.340    0.380    0.040 
 2009   CHB   CHJ    20     -0.471   -0.426    0.045 
 2010   HHB   CHJ    20      0.148    0.141   -0.007 
 2011   CHC   CHJ    20     -0.293   -0.325   -0.032 
 2012   HHC   CHJ    20      0.186    0.185   -0.001 
 2013   CHD   CHJ    20     -0.317   -0.491   -0.174 
 2014   HHD   CHJ    20      0.164    0.177    0.013 
 2015    NA   CHJ    20     -0.565   -0.571    0.048 
 2016   C1A   CHJ    20     -0.050   -0.042    0.008 
 2017   C2A   CHJ    20      0.157    0.161    0.004 
 2018   H2A   CHJ    20      0.002    0.003    0.001 
 2019   C3A   CHJ    20      0.076    0.075   -0.001 
 2020   H3A   CHJ    20      0.021    0.021    0.000 
 2021   C4A   CHJ    20      0.476    0.478    0.002 
 2022   CMA   CHJ    20     -0.416   -0.411    0.006 
 2023  HMA1   CHJ    20      0.113    0.112   -0.001 
 2024  HMA2   CHJ    20      0.113    0.112   -0.001 
 2025  HMA3   CHJ    20      0.113    0.112   -0.001 
 2026   CAA   CHJ    20      0.049    0.051    0.002 
 2027  HAA1   CHJ    20     -0.005   -0.005    0.000 
 2028  HAA2   CHJ    20     -0.005   -0.005    0.000 
 2029   CBA   CHJ    20     -0.234   -0.234    0.000 
 2030  HBA1   CHJ    20      0.029    0.029    0.000 
 2031  HBA2   CHJ    20      0.029    0.029    0.000 
 2032   CGA   CHJ    20      0.789    0.789    0.000 
 2033   O1A   CHJ    20     -0.543   -0.543    0.000 
 2034   O2A   CHJ    20     -0.338   -0.337    0.001 
 2035    NB   CHJ    20     -0.481   -0.464    0.017 
 2036   C1B   CHJ    20      0.133    0.090   -0.043 
 2037   C2B   CHJ    20      0.224    0.204   -0.020 
 2038   C3B   CHJ    20     -0.031   -0.068   -0.037 
 2039   C4B   CHJ    20      0.192    0.239    0.047 
 2040   CMB   CHJ    20     -0.549   -0.537    0.012 
 2041  HMB1   CHJ    20      0.157    0.154   -0.003 
 2042  HMB2   CHJ    20      0.157    0.154   -0.003 
 2043  HMB3   CHJ    20      0.157    0.154   -0.003 
 2044   CAB   CHJ    20     -0.138   -0.130    0.008 
 2045   HAB   CHJ    20      0.124    0.123   -0.001 
 2046   CBB   CHJ    20     -0.337   -0.351   -0.014 
 2047  HBB1   CHJ    20      0.168    0.169    0.001 
 2048  HBB2   CHJ    20      0.168    0.169    0.001 
 2049    NC   CHJ    20     -0.582   -0.648   -0.066 
 2050   C1C   CHJ    20      0.278    0.305    0.027 
 2051   C2C   CHJ    20     -0.092   -0.072    0.020 
 2052   C3C   CHJ    20     -0.274   -0.281   -0.007 
 2053   C4C   CHJ    20      0.379    0.535    0.156 
 2054   CMC   CHJ    20      0.422    0.417   -0.005 
 2055   OMC   CHJ    20     -0.479   -0.473    0.006 
 2056   HMC   CHJ    20      0.015    0.015    0.000 
 2057   CAC   CHJ    20      0.182    0.181   -0.001 
 2058  HAC1   CHJ    20     -0.004   -0.004    0.000 
 2059  HAC2   CHJ    20     -0.004   -0.004    0.000 
 2060   CBC   CHJ    20     -0.220   -0.217    0.003 
 2061  HBC1   CHJ    20      0.062    0.061   -0.001 
 2062  HBC2   CHJ    20      0.062    0.061   -0.001 
 2063  HBC3   CHJ    20      0.062    0.061   -0.001 
 2064    ND   CHJ    20     -0.520   -0.549   -0.029 
 2065   C1D   CHJ    20      0.177    0.306    0.129 
 2066   C2D   CHJ    20      0.223    0.157   -0.066 
 2067   C3D   CHJ    20     -0.287   -0.291   -0.004 
 2068   C4D   CHJ    20      0.089    0.104    0.015 
 2069   CMD   CHJ    20     -0.524   -0.515    0.009 
 2070  HMD1   CHJ    20      0.156    0.154   -0.002 
 2071  HMD2   CHJ    20      0.156    0.154   -0.002 
 2072  HMD3   CHJ    20      0.156    0.154   -0.002 
 2073   CAD   CHJ    20      0.736    0.736    0.000 
 2074   OBD   CHJ    20     -0.481   -0.487   -0.006 
 2075   CBD   CHJ    20     -0.859   -0.913   -0.054 
 2076  HBD1   CHJ    20      0.230    0.242    0.012 
 2077   CGD   CHJ    20      0.820    0.827    0.007 
 2078   O1D   CHJ    20     -0.527   -0.527    0.000 
 2079   O2D   CHJ    20     -0.277   -0.273    0.004 
 2080   CED   CHJ    20     -0.210   -0.212   -0.002 
 2081  HED1   CHJ    20      0.126    0.126    0.000 
 2082  HED2   CHJ    20      0.126    0.126    0.000 
 2083  HED3   CHJ    20      0.126    0.126    0.000 
 2084    C1   CHJ    20     -0.180   -0.181   -0.001 
 2085    H1   CHJ    20      0.179    0.179    0.000 
 2086    H2   CHJ    20      0.178    0.178    0.000 
 2087    C2   CHJ    20     -0.150   -0.150    0.000 
 2088    H3   CHJ    20      0.150    0.150    0.000 
 2089    C3   CHJ    20      0.000    0.000    0.000 
 2090    C4   CHJ    20     -0.270   -0.270    0.000 
 2091    H5   CHJ    20      0.090    0.090    0.000 
 2092    H6   CHJ    20      0.090    0.090    0.000 
 2093    H7   CHJ    20      0.090    0.090    0.000 
 2094    C5   CHJ    20     -0.180   -0.180    0.000 
 2095    H8   CHJ    20      0.090    0.090    0.000 
 2096    H9   CHJ    20      0.090    0.090    0.000 
 2097    C6   CHJ    20     -0.180   -0.180    0.000 
 2098   H10   CHJ    20      0.090    0.090    0.000 
 2099   H11   CHJ    20      0.090    0.090    0.000 
 2100    C7   CHJ    20     -0.180   -0.180    0.000 
 2101   H12   CHJ    20      0.090    0.090    0.000 
 2102   H13   CHJ    20      0.090    0.090    0.000 
 2103    C8   CHJ    20     -0.090   -0.090    0.000 
 2104   H14   CHJ    20      0.090    0.090    0.000 
 2105    C9   CHJ    20     -0.270   -0.270    0.000 
 2106   H15   CHJ    20      0.090    0.090    0.000 
 2107   H16   CHJ    20      0.090    0.090    0.000 
 2108   H17   CHJ    20      0.090    0.090    0.000 
 2109   C10   CHJ    20     -0.180   -0.180    0.000 
 2110   H18   CHJ    20      0.090    0.090    0.000 
 2111   H19   CHJ    20      0.090    0.090    0.000 
 2112   C11   CHJ    20     -0.180   -0.180    0.000 
 2113   H20   CHJ    20      0.090    0.090    0.000 
 2114   H21   CHJ    20      0.090    0.090    0.000 
 2115   C12   CHJ    20     -0.270   -0.270    0.000 
 2116   H22   CHJ    20      0.090    0.090    0.000 
 2117   H23   CHJ    20      0.090    0.090    0.000 
 2118   H24   CHJ    20      0.090    0.090    0.000 
 
